1965-09-01 0 0 0 0 0
1965-10-01 0 0 0 0 0
1965-11-01 0 0 0 0 0
1965-12-01 0 0 0 0 0
1966-01-01 0 0 0 0 0
1966-02-01 0 0 0 0 0
1966-03-01 0 0 0 0 0
1966-04-01 0 0 0 0 0
1966-05-01 0 0 0 0 0
1966-06-01 0 0 0 0 0
1966-07-01 0 0 0 0 0
1966-08-01 0 0 0 0 0
1966-09-01 0 0 0 0 0
1966-10-01 0 0 0 0 0
1966-11-01 0 0 0 0 0
1966-12-01 0 0 0 0.078015285 0.00521937999999999
1967-01-01 0 0 0 0.078015285 0.00521937999999999
1967-02-01 0 0 0 0.078015285 0.00521937999999999
1967-03-01 0 0 0 0.078015285 0.00521937999999999
1967-04-01 0 0 0 0.08703377 0.03127481
1967-05-01 0.1662808925 0 0.06628854 0.08703377 0.03127481
1967-06-01 0.199454985 0.01524233 0.09084653 0.08703377 0.03127481
1967-07-01 0.199454985 0.01524233 0.09084653 0.08703377 0.03127481
1967-08-01 0.199454985 0.04933152 0.09084653 0.08703377 0.03127481
1967-09-01 0.199454985 0.04933152 0.09084653 0.08703377 0.03127481
1967-10-01 0.199454985 0.04933152 0.09084653 0.08703377 0.03127481
1967-11-01 0.199454985 0.04933152 0.09084653 0.08703377 0.03127481
1967-12-01 0.199454985 0.04933152 0.09084653 0.08703377 0.03127481
1968-01-01 0.199454985 0.04933152 0.09084653 0.08703377 0.03127481
1968-02-01 0.199454985 0.04933152 0.09084653 0.08703377 0.03127481
1968-03-01 0.199454985 0.04933152 0.09084653 0.08703377 0.03127481
1968-04-01 0.199454985 0.04933152 0.09084653 0.08703377 0.03127481
1968-05-01 0.199454985 0.04933152 0.09084653 0.08703377 0.03127481
1968-06-01 0.199454985 0.04933152 0.09084653 0.08703377 0.03127481
1968-07-01 0.199454985 0.04933152 0.09084653 0.08703377 0.03127481
1968-08-01 0.199454985 0.04933152 0.09084653 0.08703377 0.03127481
1968-09-01 0.199454985 0.04933152 0.09084653 0.08703377 0.03127481
1968-10-01 0.199454985 0.04933152 0.09084653 0.08703377 0.03127481
1968-11-01 0.199454985 0.04933152 0.09084653 0.08703377 0.03127481
1968-12-01 0.199454985 0.04933152 0.09084653 0.08703377 0.03127481
1969-01-01 0.199454985 0.04933152 0.09084653 0.206638785 0.12274894
1969-02-01 0.2656202075 0.05947653 0.09084653 0.33420826 0.16674033
1969-03-01 0.41144816 0.12527933 0.19380103 0.346270145 0.16674033
1969-04-01 0.41144816 0.30278342 0.32042295 0.36203192 0.16674033
1969-05-01 0.5492149725 0.43486194 0.49079027 0.36203192 0.16674033
1969-06-01 0.684000245 0.59631928 0.82473877 0.36203192 0.16674033
1969-07-01 0.684000245 0.64500047 0.82473877 0.36203192 0.16674033
1969-08-01 0.684000245 0.67216753 0.82473877 0.36203192 0.16674033
1969-09-01 0.684000245 0.67216753 0.82473877 0.36203192 0.16674033
1969-10-01 0.684000245 0.67216753 0.82473877 0.36203192 0.16674033
1969-11-01 0.684000245 0.67216753 0.82473877 0.36203192 0.16674033
1969-12-01 0.684000245 0.67216753 0.82473877 0.36203192 0.16674033
1970-01-01 0.684000245 0.67216753 0.82473877 0.36203192 0.16674033
1970-02-01 0.684000245 0.67216753 0.82473877 0.36203192 0.16674033
1970-03-01 0.684000245 0.67216753 0.82473877 0.36203192 0.16674033
1970-04-01 0.684000245 0.67216753 0.82473877 0.36203192 0.16674033
1970-05-01 0.684000245 0.67216753 0.82473877 0.36203192 0.16674033
1970-06-01 0.684000245 0.67216753 0.82473877 0.36203192 0.16674033
1970-07-01 0.684000245 0.67216753 0.82473877 0.36203192 0.16674033
1970-08-01 0.684000245 0.67216753 0.82473877 0.36203192 0.16674033
1970-09-01 0.684000245 0.67216753 0.82473877 0.36203192 0.16674033
1970-10-01 0.684000245 0.67216753 0.82473877 0.36203192 0.16674033
1970-11-01 0.684000245 0.67216753 0.82473877 0.36203192 0.16674033
1970-12-01 0.684000245 0.67216753 0.82473877 0.36203192 0.16674033
1971-01-01 0.684000245 0.67216753 0.82473877 0.36203192 0.16674033
1971-02-01 0.684000245 0.67216753 0.82473877 0.36203192 0.16674033
1971-03-01 0.684000245 0.67216753 0.82473877 0.36203192 0.16674033
1971-04-01 0.684000245 0.67216753 0.82473877 0.36203192 0.16674033
1971-05-01 0.684000245 0.67216753 0.82473877 0.36203192 0.16674033
1971-06-01 0.684000245 0.67216753 0.82473877 0.36203192 0.16674033
1971-07-01 0.684000245 0.67216753 0.82473877 0.36203192 0.16674033
1971-08-01 0.684000245 0.67216753 0.82473877 0.36203192 0.16674033
1971-09-01 0.684000245 0.67216753 0.82473877 0.36203192 0.16674033
1971-10-01 0.684000245 0.67216753 0.82473877 0.36203192 0.16674033
1971-11-01 0.684000245 0.67216753 0.82473877 0.36203192 0.16674033
1971-12-01 0.684000245 0.67216753 0.82473877 0.36203192 0.16674033
1972-01-01 0.684000245 0.67216753 0.82473877 0.36203192 0.16674033
1972-02-01 0.684000245 0.67216753 0.82473877 0.36203192 0.16674033
1972-03-01 0.684000245 0.67216753 0.82473877 0.36203192 0.16674033
1972-04-01 0.684000245 0.67216753 0.82473877 0.36203192 0.16674033
1972-05-01 0.684000245 0.67216753 0.82473877 0.36203192 0.16674033
1972-06-01 0.684000245 0.67216753 0.82473877 0.36203192 0.16674033
1972-07-01 0.684000245 0.67216753 0.82473877 0.36203192 0.16674033
1972-08-01 0.684000245 0.67216753 0.82473877 0.36203192 0.16674033
1972-09-01 0.684000245 0.67216753 0.82473877 0.36203192 0.16674033
1972-10-01 0.684000245 0.67216753 0.82473877 0.36203192 0.16674033
1972-11-01 0.684000245 0.67216753 0.82473877 0.36203192 0.16674033
1972-12-01 0.684000245 0.67216753 0.82473877 0.36203192 0.16674033
1973-01-01 0.684000245 0.67216753 0.82473877 0.36203192 0.1751798
1973-02-01 0.684000245 0.67216753 0.82473877 0.36203192 0.1751798
1973-03-01 0.684000245 0.67216753 0.82473877 0.370154965 0.19161747
1973-04-01 0.684000245 0.67216753 0.82473877 0.370154965 0.19161747
1973-05-01 0.684000245 0.67216753 0.82473877 0.370154965 0.19161747
1973-06-01 0.684000245 0.67216753 0.82473877 0.370154965 0.19161747
1973-07-01 0.684000245 0.67216753 0.82473877 0.370154965 0.19161747
1973-08-01 0.684000245 0.67216753 0.82473877 0.370154965 0.19161747
1973-09-01 0.684000245 0.67216753 0.82473877 0.370154965 0.19161747
1973-10-01 0.684000245 0.67216753 0.82473877 0.370154965 0.19161747
1973-11-01 0.684000245 0.67216753 0.82473877 0.370154965 0.19161747
1973-12-01 0.684000245 0.67216753 0.82473877 0.370154965 0.19161747
1974-01-01 0.684000245 0.67216753 0.82473877 0.370154965 0.19161747
1974-02-01 0.684000245 0.67216753 0.82473877 0.370154965 0.19161747
1974-03-01 0.684000245 0.67216753 0.82473877 0.370154965 0.19161747
1974-04-01 0.684000245 0.67216753 0.82473877 0.370154965 0.19161747
1974-05-01 0.684000245 0.67216753 0.82473877 0.370154965 0.19161747
1974-06-01 0.684000245 0.67216753 0.82473877 0.370154965 0.19161747
1974-07-01 0.684000245 0.67216753 0.82473877 0.370154965 0.19161747
1974-08-01 0.684000245 0.67216753 0.82473877 0.370154965 0.19161747
1974-09-01 0.684000245 0.67216753 0.82473877 0.370154965 0.19161747
1974-10-01 0.684000245 0.67216753 0.82473877 0.370154965 0.19161747
1974-11-01 0.684000245 0.67216753 0.82473877 0.370154965 0.19161747
1974-12-01 0.684000245 0.67216753 0.82473877 0.370154965 0.19161747
1975-01-01 0.684000245 0.67216753 0.82473877 0.370154965 0.19161747
1975-02-01 0.684000245 0.67216753 0.82473877 0.370154965 0.19161747
1975-03-01 0.684000245 0.67216753 0.82473877 0.370154965 0.19161747
1975-04-01 0.684000245 0.67216753 0.82473877 0.370154965 0.19161747
1975-05-01 0.684000245 0.67216753 0.82473877 0.370154965 0.19161747
1975-06-01 0.684000245 0.67216753 0.82473877 0.370154965 0.19161747
1975-07-01 0.684000245 0.67216753 0.82473877 0.370154965 0.19161747
1975-08-01 0.684000245 0.67216753 0.82473877 0.370154965 0.19161747
1975-09-01 0.684000245 0.67216753 0.82473877 0.370154965 0.19161747
1975-10-01 0.684000245 0.67216753 0.82473877 0.370154965 0.19161747
1975-11-01 0.684000245 0.67216753 0.82473877 0.370154965 0.19161747
1975-12-01 0.684000245 0.67216753 0.82473877 0.370154965 0.19161747
1976-01-01 0.684000245 0.67216753 0.82473877 0.370154965 0.19161747
1976-02-01 0.684000245 0.67216753 0.82473877 0.370154965 0.19161747
1976-03-01 0.684000245 0.67216753 0.82473877 0.370154965 0.19161747
1976-04-01 0.684000245 0.67216753 0.82473877 0.370154965 0.19161747
1976-05-01 0.684000245 0.67216753 0.82473877 0.370154965 0.19161747
1976-06-01 0.684000245 0.67216753 0.82473877 0.370154965 0.19161747
1976-07-01 0.684000245 0.67216753 0.82473877 0.370154965 0.19161747
1976-08-01 0.684000245 0.67216753 0.82473877 0.370154965 0.19161747
1976-09-01 0.684000245 0.67216753 0.82473877 0.370154965 0.19161747
1976-10-01 0.684000245 0.67216753 0.82473877 0.370154965 0.19161747
1976-11-01 0.684000245 0.67216753 0.82473877 0.370154965 0.19161747
1976-12-01 0.684000245 0.67216753 0.82473877 0.370154965 0.19161747
1977-01-01 0.684000245 0.67216753 0.82473877 0.370154965 0.19161747
1977-02-01 0.684000245 0.67216753 0.82473877 0.370154965 0.19161747
1977-03-01 0.684000245 0.67216753 0.82473877 0.370154965 0.19161747
1977-04-01 0.684000245 0.67216753 0.82473877 0.370154965 0.19161747
1977-05-01 0.684000245 0.67216753 0.82473877 0.370154965 0.19161747
1977-06-01 0.684000245 0.67216753 0.82473877 0.370154965 0.19161747
1977-07-01 0.684000245 0.67216753 0.82473877 0.370154965 0.19161747
1977-08-01 0.684000245 0.67216753 0.82473877 0.370154965 0.19161747
1977-09-01 0.684000245 0.67216753 0.82473877 0.370154965 0.19161747
1977-10-01 0.684000245 0.67216753 0.82473877 0.370154965 0.19161747
1977-11-01 0.684000245 0.67216753 0.82473877 0.370154965 0.19161747
1977-12-01 0.684000245 0.67216753 0.82473877 0.370154965 0.19161747
1978-01-01 0.684000245 0.67216753 0.82473877 0.370154965 0.19161747
1978-02-01 0.684000245 0.67216753 0.82473877 0.37883904 0.2475021
1978-03-01 0.684000245 0.67216753 0.82473877 0.433446435 0.30777169
1978-04-01 0.7700026875 0.67216753 0.86016003 0.433446435 0.30777169
1978-05-01 0.77357842 0.74693338 0.90001121 0.433446435 0.30777169
1978-06-01 0.77357842 0.77677369 0.90001121 0.433446435 0.30777169
1978-07-01 0.77357842 0.77677369 0.90001121 0.433446435 0.30777169
1978-08-01 0.77357842 0.77677369 0.90001121 0.433446435 0.30777169
1978-09-01 0.77357842 0.77677369 0.90001121 0.433446435 0.30777169
1978-10-01 0.77357842 0.77677369 0.90001121 0.433446435 0.30777169
1978-11-01 0.77357842 0.77677369 0.90001121 0.433446435 0.30777169
1978-12-01 0.77357842 0.77677369 0.90001121 0.433446435 0.30777169
1979-01-01 0.77357842 0.77677369 0.90001121 0.433446435 0.30777169
1979-02-01 0.77357842 0.77677369 0.90001121 0.433446435 0.30777169
1979-03-01 0.77357842 0.77677369 0.90001121 0.433446435 0.30777169
1979-04-01 0.77357842 0.77677369 0.90001121 0.433446435 0.30777169
1979-05-01 0.77357842 0.77677369 0.90001121 0.433446435 0.30777169
1979-06-01 0.77357842 0.77677369 0.90001121 0.433446435 0.30777169
1979-07-01 0.77357842 0.77677369 0.90001121 0.433446435 0.30777169
1979-08-01 0.77357842 0.77677369 0.90001121 0.433446435 0.30777169
1979-09-01 0.77357842 0.77677369 0.90001121 0.433446435 0.30777169
1979-10-01 0.77357842 0.77677369 0.90001121 0.433446435 0.30777169
1979-11-01 0.77357842 0.77677369 0.90001121 0.433446435 0.30777169
1979-12-01 0.77357842 0.77677369 0.90001121 0.433446435 0.30777169
1980-01-01 0.77357842 0.77677369 0.90001121 0.45066115 0.30777169
1980-02-01 0.77357842 0.77677369 0.90001121 0.496053895 0.30777169
1980-03-01 0.77357842 0.77677369 0.96412854 0.496053895 0.30777169
1980-04-01 0.77357842 0.77677369 0.96412854 0.496053895 0.30777169
1980-05-01 0.77357842 0.77677369 0.96412854 0.496053895 0.30777169
1980-06-01 0.77357842 0.77677369 0.96412854 0.496053895 0.30777169
1980-07-01 0.77357842 0.77969536 0.96412854 0.496053895 0.30777169
1980-08-01 0.77357842 0.77969536 0.96412854 0.496053895 0.30777169
1980-09-01 0.77357842 0.77969536 0.96412854 0.496053895 0.30777169
1980-10-01 0.77357842 0.77969536 0.96412854 0.496053895 0.30777169
1980-11-01 0.77357842 0.77969536 0.96412854 0.496053895 0.30777169
1980-12-01 0.77357842 0.77969536 0.96412854 0.496053895 0.30777169
1981-01-01 0.77357842 0.77969536 0.96412854 0.496053895 0.30777169
1981-02-01 0.77357842 0.77969536 0.96412854 0.496053895 0.30777169
1981-03-01 0.77357842 0.77969536 0.96412854 0.496053895 0.30777169
1981-04-01 0.77357842 0.77969536 0.96412854 0.496053895 0.30777169
1981-05-01 0.77357842 0.77969536 0.96412854 0.496053895 0.30777169
1981-06-01 0.77357842 0.77969536 0.96412854 0.496053895 0.30777169
1981-07-01 0.77357842 0.77969536 0.96412854 0.496053895 0.30777169
1981-08-01 0.77357842 0.77969536 0.96412854 0.496053895 0.30777169
1981-09-01 0.77357842 0.77969536 0.96412854 0.496053895 0.30777169
1981-10-01 0.77357842 0.77969536 0.96412854 0.496053895 0.30777169
1981-11-01 0.77357842 0.77969536 0.96412854 0.496053895 0.30777169
1981-12-01 0.77357842 0.77969536 0.96412854 0.496053895 0.30777169
1982-01-01 0.77357842 0.77969536 0.96412854 0.496053895 0.30777169
1982-02-01 0.77357842 0.77969536 0.96412854 0.496053895 0.30777169
1982-03-01 0.77357842 0.77969536 0.96412854 0.50550575 0.32721681
1982-04-01 0.8522746925 0.77969536 0.96412854 0.508186375 0.32721681
1982-05-01 0.8522746925 0.77969536 1.02624117 0.508186375 0.32721681
1982-06-01 0.8522746925 0.77969536 1.02624117 0.508186375 0.32721681
1982-07-01 0.8522746925 0.77969536 1.02624117 0.508186375 0.32721681
1982-08-01 0.8522746925 0.77969536 1.02624117 0.508186375 0.32721681
1982-09-01 0.8522746925 0.77969536 1.02624117 0.508186375 0.32721681
1982-10-01 0.8522746925 0.77969536 1.02624117 0.508186375 0.32721681
1982-11-01 0.8522746925 0.77969536 1.02624117 0.508186375 0.32721681
1982-12-01 0.8522746925 0.77969536 1.06783354 0.508186375 0.32721681
1983-01-01 0.8522746925 0.77969536 1.09535851 0.53752028 0.34070423
1983-02-01 0.8522746925 0.80061254 1.1440375 0.590220205 0.34070423
1983-03-01 0.973240165 0.8653587 1.22810859 0.73522971 0.39055033
1983-04-01 1.1083235375 0.97793281 1.40655614 0.750205675 0.39055033
1983-05-01 1.15979135 1.13891394 1.57244327 0.750205675 0.39055033
1983-06-01 1.3562253625 1.31530045 1.80705553 0.750205675 0.39055033
1983-07-01 1.3562253625 1.45803763 1.86518031 0.750205675 0.39055033
1983-08-01 1.3562253625 1.45803763 1.86518031 0.750205675 0.39055033
1983-09-01 1.3562253625 1.45803763 1.86518031 0.750205675 0.39055033
1983-10-01 1.3562253625 1.45803763 1.86518031 0.750205675 0.39055033
1983-11-01 1.3562253625 1.45803763 1.86518031 0.750205675 0.39055033
1983-12-01 1.3562253625 1.45803763 1.86518031 0.750205675 0.39055033
1984-01-01 1.3562253625 1.45803763 1.86518031 0.750205675 0.39055033
1984-02-01 1.3562253625 1.45803763 1.86518031 0.750205675 0.39055033
1984-03-01 1.3562253625 1.45803763 1.86518031 0.750205675 0.39055033
1984-04-01 1.3562253625 1.45803763 1.86518031 0.750205675 0.39055033
1984-05-01 1.3562253625 1.45803763 1.86518031 0.750205675 0.39055033
1984-06-01 1.3562253625 1.45803763 1.86518031 0.750205675 0.39055033
1984-07-01 1.3562253625 1.45803763 1.86518031 0.750205675 0.39055033
1984-08-01 1.3562253625 1.45803763 1.86518031 0.750205675 0.39055033
1984-09-01 1.3562253625 1.45803763 1.86518031 0.750205675 0.39055033
1984-10-01 1.3562253625 1.45803763 1.86518031 0.750205675 0.39055033
1984-11-01 1.3562253625 1.45803763 1.86518031 0.750205675 0.39055033
1984-12-01 1.3562253625 1.45803763 1.86518031 0.750205675 0.39055033
1985-01-01 1.3562253625 1.45803763 1.86518031 0.750205675 0.39055033
1985-02-01 1.3562253625 1.45803763 1.86518031 0.750205675 0.39055033
1985-03-01 1.3562253625 1.45803763 1.86518031 0.750205675 0.39055033
1985-04-01 1.3562253625 1.45803763 1.86518031 0.750205675 0.39055033
1985-05-01 1.3562253625 1.45803763 1.86518031 0.750205675 0.39055033
1985-06-01 1.3562253625 1.45803763 1.86518031 0.750205675 0.39055033
1985-07-01 1.3562253625 1.45803763 1.86518031 0.750205675 0.39055033
1985-08-01 1.3562253625 1.45803763 1.86518031 0.750205675 0.39055033
1985-09-01 1.3562253625 1.45803763 1.86518031 0.750205675 0.39055033
1985-10-01 1.3562253625 1.45803763 1.86518031 0.750205675 0.39055033
1985-11-01 1.3562253625 1.45803763 1.86518031 0.750205675 0.39055033
1985-12-01 1.3562253625 1.45803763 1.86518031 0.750205675 0.39055033
1986-01-01 1.3562253625 1.45803763 1.86518031 0.750205675 0.39055033
1986-02-01 1.3562253625 1.45803763 1.86518031 0.77542122 0.39055033
1986-03-01 1.431533255 1.45803763 1.92351111 0.870881255 0.41215051
1986-04-01 1.431533255 1.45803763 1.98268606 0.870881255 0.41215051
1986-05-01 1.431533255 1.45803763 2.01642726 0.870881255 0.41215051
1986-06-01 1.431533255 1.45803763 2.01692313 0.870881255 0.41215051
1986-07-01 1.431533255 1.45803763 2.01692313 0.870881255 0.41215051
1986-08-01 1.431533255 1.45803763 2.01692313 0.870881255 0.41215051
1986-09-01 1.431533255 1.45803763 2.01692313 0.870881255 0.41215051
1986-10-01 1.431533255 1.45803763 2.01692313 0.870881255 0.41215051
1986-11-01 1.431533255 1.45803763 2.01692313 0.870881255 0.41215051
1986-12-01 1.431533255 1.45803763 2.01692313 0.870881255 0.41215051
1987-01-01 1.431533255 1.45803763 2.01692313 0.870881255 0.41215051
1987-02-01 1.431533255 1.45803763 2.01692313 0.870881255 0.41215051
1987-03-01 1.431533255 1.45803763 2.01692313 0.870881255 0.41215051
1987-04-01 1.431533255 1.45803763 2.01692313 0.870881255 0.41215051
1987-05-01 1.431533255 1.45803763 2.01692313 0.870881255 0.41215051
1987-06-01 1.431533255 1.45803763 2.01692313 0.870881255 0.41215051
1987-07-01 1.431533255 1.45803763 2.01692313 0.870881255 0.41215051
1987-08-01 1.431533255 1.45803763 2.01692313 0.870881255 0.41215051
1987-09-01 1.431533255 1.45803763 2.01692313 0.870881255 0.41215051
1987-10-01 1.431533255 1.45803763 2.01692313 0.870881255 0.41215051
1987-11-01 1.431533255 1.45803763 2.01692313 0.870881255 0.41215051
1987-12-01 1.431533255 1.45803763 2.01692313 0.870881255 0.41215051
1988-01-01 1.431533255 1.45803763 2.01692313 0.870881255 0.41215051
1988-02-01 1.431533255 1.45803763 2.01692313 0.870881255 0.41215051
1988-03-01 1.431533255 1.45803763 2.01692313 0.870881255 0.41215051
1988-04-01 1.431533255 1.45803763 2.01692313 0.870881255 0.41215051
1988-05-01 1.431533255 1.45803763 2.01692313 0.870881255 0.41215051
1988-06-01 1.431533255 1.45803763 2.01692313 0.870881255 0.41215051
1988-07-01 1.431533255 1.45803763 2.01692313 0.870881255 0.41215051
1988-08-01 1.431533255 1.45803763 2.01692313 0.870881255 0.41215051
1988-09-01 1.431533255 1.45803763 2.01692313 0.870881255 0.41215051
1988-10-01 1.431533255 1.45803763 2.01692313 0.870881255 0.41215051
1988-11-01 1.431533255 1.45803763 2.01692313 0.870881255 0.41215051
1988-12-01 1.431533255 1.45803763 2.01692313 0.870881255 0.41215051
1989-01-01 1.431533255 1.45803763 2.01692313 0.870881255 0.41215051
1989-02-01 1.431533255 1.45803763 2.01692313 0.870881255 0.41215051
1989-03-01 1.431533255 1.45803763 2.01692313 0.870881255 0.41215051
1989-04-01 1.431533255 1.45803763 2.01692313 0.870881255 0.41215051
1989-05-01 1.431533255 1.45803763 2.01692313 0.870881255 0.41215051
1989-06-01 1.431533255 1.45803763 2.01692313 0.870881255 0.41215051
1989-07-01 1.431533255 1.45803763 2.01692313 0.870881255 0.41215051
1989-08-01 1.431533255 1.45803763 2.01692313 0.870881255 0.41215051
1989-09-01 1.431533255 1.45803763 2.01692313 0.870881255 0.41215051
1989-10-01 1.431533255 1.45803763 2.01692313 0.870881255 0.41215051
1989-11-01 1.431533255 1.45803763 2.01692313 0.870881255 0.41215051
1989-12-01 1.431533255 1.45803763 2.01692313 0.870881255 0.41215051
1990-01-01 1.431533255 1.45803763 2.01692313 0.870881255 0.41215051
1990-02-01 1.431533255 1.45803763 2.01692313 0.870881255 0.41215051
1990-03-01 1.431533255 1.45803763 2.01692313 0.870881255 0.41215051
1990-04-01 1.431533255 1.45803763 2.01692313 0.870881255 0.41215051
1990-05-01 1.431533255 1.45803763 2.01692313 0.870881255 0.41215051
1990-06-01 1.431533255 1.45803763 2.01692313 0.870881255 0.41215051
1990-07-01 1.431533255 1.45803763 2.01692313 0.870881255 0.41215051
1990-08-01 1.431533255 1.45803763 2.01692313 0.870881255 0.41215051
1990-09-01 1.431533255 1.45803763 2.01692313 0.870881255 0.41215051
1990-10-01 1.431533255 1.45803763 2.01692313 0.870881255 0.41215051
1990-11-01 1.431533255 1.45803763 2.01692313 0.870881255 0.41215051
1990-12-01 1.431533255 1.45803763 2.01692313 0.870881255 0.41215051
1991-01-01 1.431533255 1.45803763 2.01692313 0.870881255 0.41215051
1991-02-01 1.431533255 1.45803763 2.01692313 0.870881255 0.41215051
1991-03-01 1.431533255 1.45803763 2.01692313 0.91241914 0.50888071
1991-04-01 1.431533255 1.45803763 2.01692313 0.91241914 0.50888071
1991-05-01 1.431533255 1.45803763 2.01692313 0.91241914 0.50888071
1991-06-01 1.431533255 1.45803763 2.01692313 0.91241914 0.50888071
1991-07-01 1.431533255 1.45803763 2.01692313 0.91241914 0.50888071
1991-08-01 1.431533255 1.45803763 2.01692313 0.91241914 0.50888071
1991-09-01 1.431533255 1.45803763 2.01692313 0.91241914 0.50888071
1991-10-01 1.431533255 1.45803763 2.01692313 0.91241914 0.50888071
1991-11-01 1.431533255 1.45803763 2.01692313 0.91241914 0.50888071
1991-12-01 1.431533255 1.45803763 2.01692313 0.91241914 0.50888071
1992-01-01 1.431533255 1.45803763 2.01692313 0.91241914 0.50888071
1992-02-01 1.431533255 1.45803763 2.01692313 0.91241914 0.50888071
1992-03-01 1.431533255 1.45803763 2.01692313 0.91241914 0.50888071
1992-04-01 1.431533255 1.45803763 2.01692313 0.91241914 0.50888071
1992-05-01 1.431533255 1.45803763 2.01692313 0.91241914 0.50888071
1992-06-01 1.431533255 1.45803763 2.01692313 0.91241914 0.50888071
1992-07-01 1.431533255 1.45803763 2.01692313 0.91241914 0.50888071
1992-08-01 1.431533255 1.45803763 2.01692313 0.91241914 0.50888071
1992-09-01 1.431533255 1.45803763 2.01692313 0.91241914 0.50888071
1992-10-01 1.431533255 1.45803763 2.01692313 0.91241914 0.50888071
1992-11-01 1.431533255 1.45803763 2.01692313 0.91241914 0.50888071
1992-12-01 1.431533255 1.45803763 2.01692313 0.91241914 0.50888071
1993-01-01 1.431533255 1.45803763 2.01692313 0.91241914 0.51151112
1993-02-01 1.431533255 1.45803763 2.01692313 0.91241914 0.51465925
1993-03-01 1.431533255 1.45803763 2.01692313 0.91241914 0.5333073
1993-04-01 1.431533255 1.45803763 2.01692313 0.91241914 0.53448566
1993-05-01 1.431533255 1.45803763 2.01692313 0.91241914 0.55657228
1993-06-01 1.431533255 1.45803763 2.01692313 0.91241914 0.57173574
1993-07-01 1.431533255 1.45803763 2.01692313 0.91241914 0.57173574
1993-08-01 1.431533255 1.45803763 2.01692313 0.91241914 0.57173574
1993-09-01 1.431533255 1.45803763 2.01692313 0.91241914 0.57173574
1993-10-01 1.431533255 1.45803763 2.01692313 0.91241914 0.57173574
1993-11-01 1.431533255 1.45803763 2.01692313 0.91241914 0.57173574
1993-12-01 1.431533255 1.45803763 2.01692313 0.91241914 0.57173574
1994-01-01 1.431533255 1.45803763 2.01692313 0.91241914 0.57173574
1994-02-01 1.431533255 1.45803763 2.01692313 0.91241914 0.57173574
1994-03-01 1.431533255 1.45803763 2.01692313 0.91241914 0.57173574
1994-04-01 1.431533255 1.45803763 2.01692313 0.91241914 0.57173574
1994-05-01 1.431533255 1.45803763 2.01692313 0.91241914 0.57173574
1994-06-01 1.431533255 1.45803763 2.01692313 0.91241914 0.57173574
1994-07-01 1.431533255 1.45803763 2.01692313 0.91241914 0.57173574
1994-08-01 1.431533255 1.45803763 2.01692313 0.91241914 0.57173574
1994-09-01 1.431533255 1.45803763 2.01692313 0.91241914 0.57173574
1994-10-01 1.431533255 1.45803763 2.01692313 0.91241914 0.57173574
1994-11-01 1.431533255 1.45803763 2.01692313 0.91241914 0.57173574
1994-12-01 1.431533255 1.45803763 2.01692313 0.91241914 0.57173574
1995-01-01 1.431533255 1.45803763 2.01692313 0.924640165 0.60963696
1995-02-01 1.431533255 1.45803763 2.01692313 0.924640165 0.60963696
1995-03-01 1.431533255 1.45803763 2.01692313 0.97564569 0.71536082
1995-04-01 1.4658041975 1.45803763 2.01692313 0.97564569 0.71536082
1995-05-01 1.60776473 1.45803763 2.12852235 0.97564569 0.71536082
1995-06-01 1.60776473 1.45803763 2.12852235 0.97564569 0.72653144
1995-07-01 1.60776473 1.45803763 2.12852235 0.97564569 0.72653144
1995-08-01 1.60776473 1.45803763 2.12852235 0.97564569 0.72922374
1995-09-01 1.60776473 1.45803763 2.12852235 0.97564569 0.72922374
1995-10-01 1.60776473 1.45803763 2.12852235 0.97564569 0.72922374
1995-11-01 1.60776473 1.45803763 2.12852235 0.97564569 0.72922374
1995-12-01 1.60776473 1.45803763 2.12852235 0.97564569 0.72922374
1996-01-01 1.60776473 1.45803763 2.12852235 0.97564569 0.72922374
1996-02-01 1.60776473 1.45803763 2.12852235 0.97564569 0.73064845
1996-03-01 1.60776473 1.45803763 2.12852235 0.97564569 0.73064845
1996-04-01 1.60776473 1.45803763 2.12852235 0.97564569 0.73064845
1996-05-01 1.60776473 1.45803763 2.12852235 0.97564569 0.73064845
1996-06-01 1.60776473 1.45803763 2.12852235 0.97564569 0.73176244
1996-07-01 1.60776473 1.45803763 2.12852235 0.97564569 0.73176244
1996-08-01 1.60776473 1.45803763 2.12852235 0.97564569 0.73176244
1996-09-01 1.60776473 1.45803763 2.12852235 0.97564569 0.73176244
1996-10-01 1.60776473 1.45803763 2.12852235 0.97564569 0.73176244
1996-11-01 1.60776473 1.45803763 2.12852235 0.97564569 0.73176244
1996-12-01 1.60776473 1.45803763 2.12852235 0.97564569 0.74737623
1997-01-01 1.8352716525 1.48772062 2.1602029 1.053976125 0.77017714
1997-02-01 1.875877575 1.49467435 2.25484973 1.053976125 0.77017714
1997-03-01 1.875877575 1.49467435 2.25484973 1.053976125 0.77017714
1997-04-01 1.875877575 1.49467435 2.25484973 1.053976125 0.77017714
1997-05-01 1.875877575 1.49467435 2.25484973 1.053976125 0.77017714
1997-06-01 1.875877575 1.49467435 2.25484973 1.053976125 0.77017714
1997-07-01 1.875877575 1.49467435 2.25484973 1.053976125 0.77017714
1997-08-01 1.875877575 1.49467435 2.25484973 1.053976125 0.77017714
1997-09-01 1.875877575 1.49467435 2.25484973 1.053976125 0.77017714
1997-10-01 1.875877575 1.49467435 2.25484973 1.053976125 0.77017714
1997-11-01 1.875877575 1.49467435 2.25484973 1.053976125 0.77017714
1997-12-01 1.875877575 1.49467435 2.25484973 1.053976125 0.77017714
1998-01-01 1.875877575 1.49467435 2.25484973 1.053976125 0.77017714
1998-02-01 1.875877575 1.52095343 2.25484973 1.09348 0.86137739
1998-03-01 1.875877575 1.52095343 2.25484973 1.097607535 0.90027328
1998-04-01 1.875877575 1.52095343 2.27024658 1.097607535 0.90027328
1998-05-01 1.875877575 1.56738031 2.36255359 1.097607535 0.90027328
1998-06-01 1.9365505275 1.6118895 2.4669376 1.097607535 0.90027328
1998-07-01 1.9365505275 1.61989868 2.4814834 1.097607535 0.90027328
1998-08-01 1.9365505275 1.61989868 2.4814834 1.097607535 0.90027328
1998-09-01 1.9365505275 1.61989868 2.4814834 1.097607535 0.90027328
1998-10-01 1.9365505275 1.61989868 2.4814834 1.097607535 0.90027328
1998-11-01 1.9365505275 1.61989868 2.4814834 1.097607535 0.90027328
1998-12-01 1.9365505275 1.61989868 2.4814834 1.097607535 0.90027328
1999-01-01 1.9365505275 1.61989868 2.4814834 1.10239443 0.93303574
1999-02-01 1.9365505275 1.61989868 2.4814834 1.10239443 0.93303574
1999-03-01 1.9365505275 1.61989868 2.4814834 1.10239443 0.93303574
1999-04-01 1.9365505275 1.61989868 2.4814834 1.10239443 0.93303574
1999-05-01 1.9365505275 1.61989868 2.4814834 1.10239443 0.93303574
1999-06-01 1.9365505275 1.61989868 2.4814834 1.10239443 0.93303574
1999-07-01 1.9365505275 1.61989868 2.4814834 1.10239443 0.93303574
1999-08-01 1.9365505275 1.61989868 2.4814834 1.10239443 0.93303574
1999-09-01 1.9365505275 1.61989868 2.4814834 1.10239443 0.93303574
1999-10-01 1.9365505275 1.61989868 2.4814834 1.10239443 0.93303574
1999-11-01 1.9365505275 1.61989868 2.4814834 1.10239443 0.93303574
1999-12-01 1.9365505275 1.61989868 2.4814834 1.10239443 0.93303574
2000-01-01 1.9365505275 1.61989868 2.4814834 1.10239443 0.93303574
2000-02-01 1.9365505275 1.61989868 2.4814834 1.10239443 0.93579367
2000-03-01 1.9365505275 1.61989868 2.4814834 1.10239443 0.93579367
2000-04-01 1.9365505275 1.61989868 2.4814834 1.10239443 0.93579367
2000-05-01 1.9365505275 1.61989868 2.4814834 1.10239443 0.93579367
2000-06-01 1.9365505275 1.61989868 2.4814834 1.10239443 0.93855543
2000-07-01 1.9365505275 1.61989868 2.4814834 1.10239443 0.93855543
2000-08-01 1.9365505275 1.61989868 2.4814834 1.10239443 0.93855543
2000-09-01 1.9365505275 1.61989868 2.4814834 1.10239443 0.93855543
2000-10-01 1.9365505275 1.61989868 2.4814834 1.10239443 0.93855543
2000-11-01 1.9365505275 1.61989868 2.4814834 1.10239443 0.93855543
2000-12-01 1.9365505275 1.61989868 2.4814834 1.10239443 0.93855543
2001-01-01 1.9365505275 1.61989868 2.4814834 1.10239443 0.93855543
2001-02-01 1.9365505275 1.61989868 2.4814834 1.10239443 0.93855543
2001-03-01 1.9365505275 1.61989868 2.4814834 1.10239443 0.93855543
2001-04-01 1.9365505275 1.61989868 2.4814834 1.10239443 0.93855543
2001-05-01 1.9365505275 1.61989868 2.4814834 1.10239443 0.93855543
2001-06-01 1.9365505275 1.61989868 2.4814834 1.10239443 0.93855543
2001-07-01 1.9365505275 1.61989868 2.4814834 1.10239443 0.93855543
2001-08-01 1.9365505275 1.61989868 2.4814834 1.10239443 0.93855543
2001-09-01 1.9365505275 1.61989868 2.4814834 1.10239443 0.93855543
2001-10-01 1.9365505275 1.61989868 2.4814834 1.10239443 0.93855543
2001-11-01 1.9365505275 1.61989868 2.4814834 1.10239443 0.93855543
2001-12-01 1.9365505275 1.61989868 2.4814834 1.10239443 0.93855543
2002-01-01 1.9365505275 1.61989868 2.4814834 1.10239443 0.93855543
2002-02-01 1.9365505275 1.61989868 2.4814834 1.10239443 0.93855543
2002-03-01 1.9365505275 1.61989868 2.4814834 1.10239443 0.93855543
2002-04-01 1.9365505275 1.61989868 2.4814834 1.10239443 0.93855543
2002-05-01 1.9365505275 1.61989868 2.4814834 1.10239443 0.93855543
2002-06-01 1.9365505275 1.61989868 2.4814834 1.10239443 0.93855543
2002-07-01 1.9365505275 1.61989868 2.4814834 1.10239443 0.93855543
2002-08-01 1.9365505275 1.61989868 2.4814834 1.10239443 0.93855543
2002-09-01 1.9365505275 1.61989868 2.4814834 1.10239443 0.93855543
2002-10-01 1.9365505275 1.61989868 2.4814834 1.10239443 0.93855543
2002-11-01 1.9365505275 1.61989868 2.4814834 1.10239443 0.93855543
2002-12-01 1.9365505275 1.61989868 2.4814834 1.10239443 0.93855543
2003-01-01 1.9365505275 1.61989868 2.4814834 1.10239443 0.93855543
2003-02-01 1.9365505275 1.61989868 2.4814834 1.10239443 0.93855543
2003-03-01 1.9365505275 1.61989868 2.4814834 1.10239443 0.93855543
2003-04-01 1.9365505275 1.61989868 2.4814834 1.10239443 0.93855543
2003-05-01 1.9365505275 1.61989868 2.4814834 1.10239443 0.93855543
2003-06-01 1.9365505275 1.61989868 2.4814834 1.10239443 0.93855543
2003-07-01 1.9365505275 1.61989868 2.4814834 1.10239443 0.93855543
2003-08-01 1.9365505275 1.61989868 2.4814834 1.10239443 0.93855543
2003-09-01 1.9365505275 1.61989868 2.4814834 1.10239443 0.93855543
2003-10-01 1.9365505275 1.61989868 2.4814834 1.10239443 0.93855543
2003-11-01 1.9365505275 1.61989868 2.4814834 1.10239443 0.93855543
2003-12-01 1.9365505275 1.61989868 2.4814834 1.10239443 0.93855543
2004-01-01 1.9365505275 1.61989868 2.4814834 1.10239443 0.93855543
2004-02-01 1.9365505275 1.61989868 2.4814834 1.10239443 0.93855543
2004-03-01 1.9365505275 1.61989868 2.4814834 1.10239443 0.93855543
2004-04-01 1.9365505275 1.61989868 2.4814834 1.10239443 0.93855543
2004-05-01 1.9365505275 1.61989868 2.4814834 1.10239443 0.93855543
2004-06-01 1.9365505275 1.61989868 2.4814834 1.10239443 0.93855543
2004-07-01 1.9365505275 1.61989868 2.4814834 1.10239443 0.93855543
2004-08-01 1.9365505275 1.61989868 2.4814834 1.10239443 0.93855543
2004-09-01 1.9365505275 1.61989868 2.4814834 1.10239443 0.93855543
2004-10-01 1.9365505275 1.61989868 2.4814834 1.10239443 0.93855543
2004-11-01 1.9365505275 1.61989868 2.4814834 1.10239443 0.93855543
2004-12-01 1.9365505275 1.61989868 2.4814834 1.10239443 0.93855543
2005-01-01 1.9365505275 1.61989868 2.4814834 1.10239443 0.94055534
2005-02-01 1.9365505275 1.61989868 2.4814834 1.10239443 0.94055534
2005-03-01 1.9365505275 1.61989868 2.4814834 1.128798355 0.95531516
2005-04-01 1.9365505275 1.61989868 2.4814834 1.128798355 0.95922028
2005-05-01 1.9365505275 1.61989868 2.4814834 1.128798355 0.9692819
2005-06-01 1.9365505275 1.61989868 2.4814834 1.128798355 0.97428282
2005-07-01 1.9365505275 1.61989868 2.4814834 1.128798355 0.9759099
2005-08-01 1.9365505275 1.61989868 2.4814834 1.128798355 0.9759099
2005-09-01 1.9365505275 1.61989868 2.4814834 1.128798355 0.9759099
2005-10-01 1.9365505275 1.61989868 2.4814834 1.128798355 0.9759099
2005-11-01 1.9365505275 1.61989868 2.4814834 1.128798355 0.9759099
2005-12-01 1.9365505275 1.61989868 2.4814834 1.128798355 0.9759099
2006-01-01 1.9365505275 1.61989868 2.4814834 1.128798355 0.97676666
2006-02-01 1.9365505275 1.61989868 2.4814834 1.128798355 0.97676666
2006-03-01 1.9365505275 1.61989868 2.4814834 1.1425279 0.99048238
2006-04-01 2.04087343 1.61989868 2.56001058 1.153103765 1.00989074
2006-05-01 2.1257887225 1.69091075 2.778692 1.153103765 1.00989074
2006-06-01 2.149111695 1.71023212 2.88048935 1.153103765 1.00989074
2006-07-01 2.149111695 1.71023212 2.88048935 1.153103765 1.00989074
2006-08-01 2.149111695 1.71023212 2.88048935 1.153103765 1.00989074
2006-09-01 2.149111695 1.71023212 2.88048935 1.153103765 1.00989074
2006-10-01 2.149111695 1.71023212 2.88048935 1.153103765 1.00989074
2006-11-01 2.149111695 1.71023212 2.88048935 1.153103765 1.00989074
2006-12-01 2.149111695 1.71023212 2.88048935 1.153103765 1.00989074
2007-01-01 2.149111695 1.71023212 2.88048935 1.153103765 1.00989074
2007-02-01 2.149111695 1.71023212 2.88048935 1.153103765 1.00989074
2007-03-01 2.149111695 1.71023212 2.88048935 1.153103765 1.00989074
2007-04-01 2.149111695 1.71023212 2.88048935 1.153103765 1.00989074
2007-05-01 2.149111695 1.71023212 2.88048935 1.153103765 1.00989074
2007-06-01 2.149111695 1.71023212 2.88048935 1.153103765 1.00989074
2007-07-01 2.149111695 1.71023212 2.88048935 1.153103765 1.00989074
2007-08-01 2.149111695 1.71023212 2.88048935 1.153103765 1.00989074
2007-09-01 2.149111695 1.71023212 2.88048935 1.153103765 1.00989074
2007-10-01 2.149111695 1.71023212 2.88048935 1.153103765 1.00989074
2007-11-01 2.149111695 1.71023212 2.88048935 1.153103765 1.00989074
2007-12-01 2.149111695 1.71023212 2.88048935 1.153103765 1.00989074
2008-01-01 2.149111695 1.71023212 2.88048935 1.153103765 1.00989074
2008-02-01 2.149111695 1.71023212 2.88048935 1.153103765 1.00989074
2008-03-01 2.149111695 1.71023212 2.88048935 1.153103765 1.00989074
2008-04-01 2.149111695 1.71023212 2.88048935 1.153103765 1.00989074
2008-05-01 2.149111695 1.71023212 2.88048935 1.153103765 1.00989074
2008-06-01 2.149111695 1.71023212 2.88048935 1.153103765 1.00989074
2008-07-01 2.149111695 1.71023212 2.88048935 1.153103765 1.00989074
2008-08-01 2.149111695 1.71023212 2.88048935 1.153103765 1.00989074
2008-09-01 2.149111695 1.71023212 2.88048935 1.153103765 1.00989074
2008-10-01 2.149111695 1.71023212 2.88048935 1.153103765 1.00989074
2008-11-01 2.149111695 1.71023212 2.88048935 1.153103765 1.00989074
2008-12-01 2.149111695 1.71023212 2.88048935 1.153103765 1.00989074
2009-01-01 2.149111695 1.71023212 2.88048935 1.153103765 1.00989074
2009-02-01 2.149111695 1.71023212 2.88048935 1.153103765 1.00989074
2009-03-01 2.149111695 1.71023212 2.88048935 1.153103765 1.00989074
2009-04-01 2.149111695 1.71023212 2.88048935 1.153103765 1.00989074
2009-05-01 2.149111695 1.71023212 2.88048935 1.153103765 1.01782306
2009-06-01 2.149111695 1.71023212 2.88048935 1.153103765 1.01782306
2009-07-01 2.149111695 1.71023212 2.88048935 1.153103765 1.01782306
2009-08-01 2.149111695 1.71023212 2.88048935 1.153103765 1.01782306
2009-09-01 2.149111695 1.71023212 2.88048935 1.153103765 1.01782306
