1921-10-01 0.03048619 0 0
1921-11-01 0.0262964 0 0
1921-12-01 0.06688994 0 0
1922-01-01 0.07135431 0 0
1922-02-01 0.0997577 0 0
1922-03-01 0.10681729 0 0
1922-04-01 0.1935813 0 0
1922-05-01 0.60879618 0.40483127 0.2829724825
1922-06-01 0.73151725 0.93238361 0.688666035
1922-07-01 0.28521801 1.01363671 0.688666035
1922-08-01 0.09501947 1.01363671 0.688666035
1922-09-01 0.04922885 1.01363671 0.688666035
1922-10-01 0.03625904 1.01363671 0.688666035
1922-11-01 0.04463827 1.01363671 0.688666035
1922-12-01 0.09363204 1.01363671 0.688666035
1923-01-01 0.07278912 1.01363671 0.688666035
1923-02-01 0.07280238 1.01363671 0.688666035
1923-03-01 0.09772205 1.01363671 0.688666035
1923-04-01 0.20320095 1.01363671 0.688666035
1923-05-01 0.44558128 1.25525308 0.8084236175
1923-06-01 0.29297218 1.34426035 0.8084236175
1923-07-01 0.20645497 1.34675041 0.8084236175
1923-08-01 0.07950478 1.34675041 0.8084236175
1923-09-01 0.05498618 1.34675041 0.8084236175
1923-10-01 0.05122249 1.34675041 0.8084236175
1923-11-01 0.03675896 1.34675041 0.8084236175
1923-12-01 0.03078695 1.34675041 0.8084236175
1924-01-01 0.02955402 1.34675041 0.8084236175
1924-02-01 0.02534531 1.34675041 0.8084236175
1924-03-01 0.02893421 1.34675041 0.8084236175
1924-04-01 0.08216797 1.34675041 0.8084236175
1924-05-01 0.15211703 1.34675041 0.8084236175
1924-06-01 0.04406051 1.34675041 0.8084236175
1924-07-01 0.02520372 1.34675041 0.8084236175
1924-08-01 0.01935341 1.34675041 0.8084236175
1924-09-01 0.01525848 1.34675041 0.8084236175
1924-10-01 0.01402831 1.34675041 0.8084236175
1924-11-01 0.02858009 1.34675041 0.8084236175
1924-12-01 0.03099405 1.34675041 0.8084236175
1925-01-01 0.02931122 1.34675041 0.8084236175
1925-02-01 0.07687432 1.34675041 0.8084236175
1925-03-01 0.09633488 1.34675041 0.8084236175
1925-04-01 0.19652543 1.34675041 0.8084236175
1925-05-01 0.36206765 1.50485315 0.84466757
1925-06-01 0.2847385 1.58562674 0.84466757
1925-07-01 0.15719471 1.58562674 0.84466757
1925-08-01 0.07071948 1.58562674 0.84466757
1925-09-01 0.0415682 1.58562674 0.84466757
1925-10-01 0.04158572 1.58562674 0.84466757
1925-11-01 0.04087788 1.58562674 0.84466757
1925-12-01 0.0426853 1.58562674 0.84466757
1926-01-01 0.02824083 1.58562674 0.84466757
1926-02-01 0.05836601 1.58562674 0.84466757
1926-03-01 0.08965597 1.58562674 0.84466757
1926-04-01 0.2885138 1.67017563 0.84466757
1926-05-01 0.30842289 1.77463361 0.84466757
1926-06-01 0.15096687 1.77463361 0.84466757
1926-07-01 0.06389791 1.77463361 0.84466757
1926-08-01 0.04336432 1.77463361 0.84466757
1926-09-01 0.0374282 1.77463361 0.84466757
1926-10-01 0.03120996 1.77463361 0.84466757
1926-11-01 0.06224137 1.77463361 0.84466757
1926-12-01 0.06160393 1.77463361 0.84466757
1927-01-01 0.06806564 1.77463361 0.84466757
1927-02-01 0.14850274 1.77463361 0.84466757
1927-03-01 0.14521911 1.77463361 0.84466757
1927-04-01 0.25095597 1.82162467 0.84466757
1927-05-01 0.44432373 2.06198349 0.9631676025
1927-06-01 0.45029598 2.30831456 1.087639885
1927-07-01 0.18175011 2.30831456 1.087639885
1927-08-01 0.07701184 2.30831456 1.087639885
1927-09-01 0.05078845 2.30831456 1.087639885
1927-10-01 0.05510255 2.30831456 1.087639885
1927-11-01 0.07914431 2.30831456 1.087639885
1927-12-01 0.06540397 2.30831456 1.087639885
1928-01-01 0.05943985 2.30831456 1.087639885
1928-02-01 0.06171311 2.30831456 1.087639885
1928-03-01 0.12490503 2.30831456 1.087639885
1928-04-01 0.15158095 2.30831456 1.087639885
1928-05-01 0.24563436 2.34998401 1.087639885
1928-06-01 0.15616564 2.34998401 1.087639885
1928-07-01 0.06605821 2.34998401 1.087639885
1928-08-01 0.06048916 2.34998401 1.087639885
1928-09-01 0.05432878 2.34998401 1.087639885
1928-10-01 0.05231289 2.34998401 1.087639885
1928-11-01 0.04355661 2.34998401 1.087639885
1928-12-01 0.04319852 2.34998401 1.087639885
1929-01-01 0.03298028 2.34998401 1.087639885
1929-02-01 0.03021802 2.34998401 1.087639885
1929-03-01 0.05746381 2.34998401 1.087639885
1929-04-01 0.09790487 2.34998401 1.087639885
1929-05-01 0.19040547 2.34998401 1.087639885
1929-06-01 0.13184483 2.34998401 1.087639885
1929-07-01 0.09786559 2.34998401 1.087639885
1929-08-01 0.07941989 2.34998401 1.087639885
1929-09-01 0.04598312 2.34998401 1.087639885
1929-10-01 0.03273447 2.34998401 1.087639885
1929-11-01 0.02701875 2.34998401 1.087639885
1929-12-01 0.03260421 2.34998401 1.087639885
1930-01-01 0.03257644 2.34998401 1.087639885
1930-02-01 0.04025359 2.34998401 1.087639885
1930-03-01 0.0708425 2.34998401 1.087639885
1930-04-01 0.12265506 2.34998401 1.087639885
1930-05-01 0.13948278 2.34998401 1.087639885
1930-06-01 0.15641417 2.34998401 1.087639885
1930-07-01 0.09946105 2.34998401 1.087639885
1930-08-01 0.08228857 2.34998401 1.087639885
1930-09-01 0.0542624 2.34998401 1.087639885
1930-10-01 0.04519555 2.34998401 1.087639885
1930-11-01 0.03522298 2.34998401 1.087639885
1930-12-01 0.02897317 2.34998401 1.087639885
1931-01-01 0.03555244 2.34998401 1.087639885
1931-02-01 0.03160665 2.34998401 1.087639885
1931-03-01 0.04177572 2.34998401 1.087639885
1931-04-01 0.09193367 2.34998401 1.087639885
1931-05-01 0.10887037 2.34998401 1.087639885
1931-06-01 0.05829196 2.34998401 1.087639885
1931-07-01 0.05472552 2.34998401 1.087639885
1931-08-01 0.04135242 2.34998401 1.087639885
1931-09-01 0.01341613 2.34998401 1.087639885
1931-10-01 0.01180957 2.34998401 1.087639885
1931-11-01 0.01342854 2.34998401 1.087639885
1931-12-01 0.06591544 2.34998401 1.087639885
1932-01-01 0.06641642 2.34998401 1.087639885
1932-02-01 0.1573512 2.34998401 1.087639885
1932-03-01 0.14600145 2.34998401 1.087639885
1932-04-01 0.20667775 2.35269685 1.087639885
1932-05-01 0.36164141 2.51037335 1.1234575975
1932-06-01 0.43515697 2.74156541 1.23279087
1932-07-01 0.23644868 2.77404918 1.23279087
1932-08-01 0.09681499 2.77404918 1.23279087
1932-09-01 0.07145983 2.77404918 1.23279087
1932-10-01 0.06851129 2.77404918 1.23279087
1932-11-01 0.03935257 2.77404918 1.23279087
1932-12-01 0.04427901 2.77404918 1.23279087
1933-01-01 0.05950759 2.77404918 1.23279087
1933-02-01 0.05657541 2.77404918 1.23279087
1933-03-01 0.08910358 2.77404918 1.23279087
1933-04-01 0.13861331 2.77404918 1.23279087
1933-05-01 0.16614233 2.77404918 1.23279087
1933-06-01 0.25791499 2.82799926 1.23279087
1933-07-01 0.10339914 2.82799926 1.23279087
1933-08-01 0.08386295 2.82799926 1.23279087
1933-09-01 0.06982091 2.82799926 1.23279087
1933-10-01 0.03954437 2.82799926 1.23279087
1933-11-01 0.0311897 2.82799926 1.23279087
1933-12-01 0.06692126 2.82799926 1.23279087
1934-01-01 0.07341702 2.82799926 1.23279087
1934-02-01 0.07460033 2.82799926 1.23279087
1934-03-01 0.1017284 2.82799926 1.23279087
1934-04-01 0.12690456 2.82799926 1.23279087
1934-05-01 0.10743292 2.82799926 1.23279087
1934-06-01 0.07401797 2.82799926 1.23279087
1934-07-01 0.06613271 2.82799926 1.23279087
1934-08-01 0.05251704 2.82799926 1.23279087
1934-09-01 0.0279851 2.82799926 1.23279087
1934-10-01 0.02475097 2.82799926 1.23279087
1934-11-01 0.03079605 2.82799926 1.23279087
1934-12-01 0.05085372 2.82799926 1.23279087
1935-01-01 0.07872108 2.82799926 1.23279087
1935-02-01 0.08693649 2.82799926 1.23279087
1935-03-01 0.10873721 2.82799926 1.23279087
1935-04-01 0.30001629 2.92405064 1.23279087
1935-05-01 0.37508194 3.09516767 1.2820491125
1935-06-01 0.39856194 3.2897647 1.354787355
1935-07-01 0.16712305 3.2897647 1.354787355
1935-08-01 0.10330636 3.2897647 1.354787355
1935-09-01 0.07739548 3.2897647 1.354787355
1935-10-01 0.07061447 3.2897647 1.354787355
1935-11-01 0.06204134 3.2897647 1.354787355
1935-12-01 0.05114847 3.2897647 1.354787355
1936-01-01 0.05673438 3.2897647 1.354787355
1936-02-01 0.1890611 3.2897647 1.354787355
1936-03-01 0.17360997 3.2897647 1.354787355
1936-04-01 0.29535362 3.38115341 1.354787355
1936-05-01 0.37115881 3.54834731 1.4001224675
1936-06-01 0.27311122 3.61749362 1.4001224675
1936-07-01 0.16365267 3.61749362 1.4001224675
1936-08-01 0.09951181 3.61749362 1.4001224675
1936-09-01 0.0804084 3.61749362 1.4001224675
1936-10-01 0.06101185 3.61749362 1.4001224675
1936-11-01 0.0579316 3.61749362 1.4001224675
1936-12-01 0.07452979 3.61749362 1.4001224675
1937-01-01 0.07288395 3.61749362 1.4001224675
1937-02-01 0.24260287 3.65613158 1.4001224675
1937-03-01 0.20121499 3.65613158 1.4001224675
1937-04-01 0.27292368 3.72509035 1.4001224675
1937-05-01 0.51021038 4.03133582 1.58450915
1937-06-01 0.4211528 4.24852371 1.6798382525
1937-07-01 0.17375772 4.24852371 1.6798382525
1937-08-01 0.09402137 4.24852371 1.6798382525
1937-09-01 0.07474255 4.24852371 1.6798382525
1937-10-01 0.06684987 4.24852371 1.6798382525
1937-11-01 0.05503407 4.24852371 1.6798382525
1937-12-01 0.19569793 4.24852371 1.6798382525
1938-01-01 0.09720125 4.24852371 1.6798382525
1938-02-01 0.21107933 4.25563813 1.6798382525
1938-03-01 0.42340711 4.47508033 1.777421665
1938-04-01 0.431281 4.70239642 1.8828789675
1938-05-01 0.68182031 5.18025182 2.23887558
1938-06-01 0.80970604 5.78599295 2.7227579225
1938-07-01 0.42260118 6.00462922 2.819535405
1938-08-01 0.14821678 6.00462922 2.819535405
1938-09-01 0.08578721 6.00462922 2.819535405
1938-10-01 0.00827217 6.00462922 2.819535405
1938-11-01 0.06762758 6.00462922 2.819535405
1938-12-01 0.06927907 6.00462922 2.819535405
1939-01-01 0.07044121 6.00462922 2.819535405
1939-02-01 0.07049508 6.00462922 2.819535405
1939-03-01 0.1071594 6.00462922 2.819535405
1939-04-01 0.17419851 6.00462922 2.819535405
1939-05-01 0.14138332 6.00462922 2.819535405
1939-06-01 0.09775743 6.00462922 2.819535405
1939-07-01 0.08586574 6.00462922 2.819535405
1939-08-01 0.07684677 6.00462922 2.819535405
1939-09-01 0.05331348 6.00462922 2.819535405
1939-10-01 0.05166743 6.00462922 2.819535405
1939-11-01 0.04081423 6.00462922 2.819535405
1939-12-01 0.0330065 6.00462922 2.819535405
1940-01-01 0.11851573 6.00462922 2.819535405
1940-02-01 0.1436552 6.00462922 2.819535405
1940-03-01 0.20472887 6.00539318 2.819535405
1940-04-01 0.25025506 6.05168333 2.819535405
1940-05-01 0.40501813 6.25273655 2.8987298375
1940-06-01 0.3350159 6.38378754 2.90792204
1940-07-01 0.1225188 6.38378754 2.90792204
1940-08-01 0.08819632 6.38378754 2.90792204
1940-09-01 0.06579029 6.38378754 2.90792204
1940-10-01 0.0507637 6.38378754 2.90792204
1940-11-01 0.04693824 6.38378754 2.90792204
1940-12-01 0.11355129 6.38378754 2.90792204
1941-01-01 0.1225162 6.38378754 2.90792204
1941-02-01 0.20153725 6.38378754 2.90792204
1941-03-01 0.21418411 6.39400674 2.90792204
1941-04-01 0.23246061 6.42250244 2.90792204
1941-05-01 0.5530535 6.77159103 3.1351518425
1941-06-01 0.56269574 7.13032186 3.372023885
1941-07-01 0.32676692 7.25312387 3.3729671075
1941-08-01 0.11948585 7.25312387 3.3729671075
1941-09-01 0.08078421 7.25312387 3.3729671075
1941-10-01 0.06184356 7.25312387 3.3729671075
1941-11-01 0.05104645 7.25312387 3.3729671075
1941-12-01 0.1148107 7.25312387 3.3729671075
1942-01-01 0.14596575 7.25312387 3.3729671075
1942-02-01 0.13876013 7.25312387 3.3729671075
1942-03-01 0.14506758 7.25312387 3.3729671075
1942-04-01 0.2793556 7.32851456 3.3729671075
1942-05-01 0.3919527 7.51650235 3.43909611
1942-06-01 0.47725821 7.78979565 3.5905306225
1942-07-01 0.28371732 7.86954806 3.5905306225
1942-08-01 0.11194922 7.86954806 3.5905306225
1942-09-01 0.08079231 7.86954806 3.5905306225
1942-10-01 0.06467968 7.86954806 3.5905306225
1942-11-01 0.06785237 7.86954806 3.5905306225
1942-12-01 0.07134726 7.86954806 3.5905306225
1943-01-01 0.16573391 7.86954806 3.5905306225
1943-02-01 0.14448722 7.86954806 3.5905306225
1943-03-01 0.27983069 7.94541384 3.5905306225
1943-04-01 0.30374063 8.04518956 3.5905306225
1943-05-01 0.38220019 8.22342484 3.646907115
1943-06-01 0.28166254 8.30112247 3.646907115
1943-07-01 0.15877522 8.30112247 3.646907115
1943-08-01 0.1010853 8.30112247 3.646907115
1943-09-01 0.07180665 8.30112247 3.646907115
1943-10-01 0.06080401 8.30112247 3.646907115
1943-11-01 0.05112494 8.30112247 3.646907115
1943-12-01 0.04526772 8.30112247 3.646907115
1944-01-01 0.04972867 8.30112247 3.646907115
1944-02-01 0.04846296 8.30112247 3.646907115
1944-03-01 0.06761403 8.30112247 3.646907115
1944-04-01 0.12786071 8.30112247 3.646907115
1944-05-01 0.12440098 8.30112247 3.646907115
1944-06-01 0.13154776 8.30112247 3.646907115
1944-07-01 0.15295549 8.30112247 3.646907115
1944-08-01 0.14497873 8.30112247 3.646907115
1944-09-01 0.11889225 8.30112247 3.646907115
1944-10-01 0.08230835 8.30112247 3.646907115
1944-11-01 0.03815216 8.30112247 3.646907115
1944-12-01 0.02885612 8.30112247 3.646907115
1945-01-01 0.05729244 8.30112247 3.646907115
1945-02-01 0.1524524 8.30112247 3.646907115
1945-03-01 0.14354293 8.30112247 3.646907115
1945-04-01 0.25293561 8.35009317 3.646907115
1945-05-01 0.31794338 8.46407164 3.646907115
1945-06-01 0.27853606 8.53864279 3.646907115
1945-07-01 0.22966421 8.56434209 3.646907115
1945-08-01 0.17577894 8.56434209 3.646907115
1945-09-01 0.12178364 8.56434209 3.646907115
1945-10-01 0.10443226 8.56434209 3.646907115
1945-11-01 0.08779101 8.56434209 3.646907115
1945-12-01 0.09134275 8.56434209 3.646907115
1946-01-01 0.14291131 8.56434209 3.646907115
1946-02-01 0.07067896 8.56434209 3.646907115
1946-03-01 0.11381584 8.56434209 3.646907115
1946-04-01 0.13077609 8.56434209 3.646907115
1946-05-01 0.28126113 8.64163831 3.646907115
1946-06-01 0.20760327 8.64527667 3.646907115
1946-07-01 0.17469347 8.64527667 3.646907115
1946-08-01 0.16312118 8.64527667 3.646907115
1946-09-01 0.11567921 8.64527667 3.646907115
1946-10-01 0.09004115 8.64527667 3.646907115
1946-11-01 0.03711477 8.64527667 3.646907115
1946-12-01 0.03415198 8.64527667 3.646907115
1947-01-01 0.04860327 8.64527667 3.646907115
1947-02-01 0.0486314 8.64527667 3.646907115
1947-03-01 0.09213557 8.64527667 3.646907115
1947-04-01 0.1480287 8.64527667 3.646907115
1947-05-01 0.1324003 8.64527667 3.646907115
1947-06-01 0.13727908 8.64527667 3.646907115
1947-07-01 0.15949217 8.64527667 3.646907115
1947-08-01 0.14812612 8.64527667 3.646907115
1947-09-01 0.09947207 8.64527667 3.646907115
1947-10-01 0.06379427 8.64527667 3.646907115
1947-11-01 0.02876123 8.64527667 3.646907115
1947-12-01 0.02057696 8.64527667 3.646907115
1948-01-01 0.02272031 8.64527667 3.646907115
1948-02-01 0.03078268 8.64527667 3.646907115
1948-03-01 0.04970628 8.64527667 3.646907115
1948-04-01 0.06724826 8.64527667 3.646907115
1948-05-01 0.11732906 8.64527667 3.646907115
1948-06-01 0.1240465 8.64527667 3.646907115
1948-07-01 0.18243671 8.64527667 3.646907115
1948-08-01 0.17290117 8.64527667 3.646907115
1948-09-01 0.14407981 8.64527667 3.646907115
1948-10-01 0.07880263 8.64527667 3.646907115
1948-11-01 0.02945868 8.64527667 3.646907115
1948-12-01 0.02554179 8.64527667 3.646907115
1949-01-01 0.01489309 8.64527667 3.646907115
1949-02-01 0.03736329 8.64527667 3.646907115
1949-03-01 0.05698302 8.64527667 3.646907115
1949-04-01 0.14571349 8.64527667 3.646907115
1949-05-01 0.12646203 8.64527667 3.646907115
1949-06-01 0.17416547 8.64527667 3.646907115
1949-07-01 0.16926995 8.64527667 3.646907115
1949-08-01 0.13124949 8.64527667 3.646907115
1949-09-01 0.09795782 8.64527667 3.646907115
1949-10-01 0.06494068 8.64527667 3.646907115
1949-11-01 0.0271545 8.64527667 3.646907115
1949-12-01 0.0284976 8.64527667 3.646907115
1950-01-01 0.00942641 8.64527667 3.646907115
1950-02-01 0.02278387 8.64527667 3.646907115
1950-03-01 0.08854402 8.64527667 3.646907115
1950-04-01 0.11329119 8.64527667 3.646907115
1950-05-01 0.12059176 8.64527667 3.646907115
1950-06-01 0.13885739 8.64527667 3.646907115
1950-07-01 0.15513345 8.64527667 3.646907115
1950-08-01 0.12841353 8.64527667 3.646907115
1950-09-01 0.09498116 8.64527667 3.646907115
1950-10-01 0.06292219 8.64527667 3.646907115
1950-11-01 0.02307196 8.64527667 3.646907115
1950-12-01 0.14308054 8.64527667 3.646907115
1951-01-01 0.15280442 8.64527667 3.646907115
1951-02-01 0.16459525 8.64527667 3.646907115
1951-03-01 0.09128724 8.64527667 3.646907115
1951-04-01 0.12115077 8.64527667 3.646907115
1951-05-01 0.10745769 8.64527667 3.646907115
1951-06-01 0.12991278 8.64527667 3.646907115
1951-07-01 0.12591901 8.64527667 3.646907115
1951-08-01 0.0914856 8.64527667 3.646907115
1951-09-01 0.0263244 8.64527667 3.646907115
1951-10-01 0.03680126 8.64527667 3.646907115
1951-11-01 0.02679905 8.64527667 3.646907115
1951-12-01 0.01596203 8.64527667 3.646907115
1952-01-01 0.01948898 8.64527667 3.646907115
1952-02-01 0.18891362 8.64527667 3.646907115
1952-03-01 0.23421338 8.67552514 3.646907115
1952-04-01 0.44884881 8.92040904 3.7699322275
1952-05-01 0.47499481 9.19143894 3.91910334
1952-06-01 0.38020742 9.36768145 3.9734870625
1952-07-01 0.11901909 9.36768145 3.9734870625
1952-08-01 0.10522509 9.36768145 3.9734870625
1952-09-01 0.05860286 9.36768145 3.9734870625
1952-10-01 0.04287277 9.36768145 3.9734870625
1952-11-01 0.02362177 9.36768145 3.9734870625
1952-12-01 0.01280273 9.36768145 3.9734870625
1953-01-01 0.01055482 9.36768145 3.9734870625
1953-02-01 0.03399534 9.36768145 3.9734870625
1953-03-01 0.05518206 9.36768145 3.9734870625
1953-04-01 0.05289886 9.36768145 3.9734870625
1953-05-01 0.02921483 9.36768145 3.9734870625
1953-06-01 0.02606722 9.36768145 3.9734870625
1953-07-01 0.01587254 9.36768145 3.9734870625
1953-08-01 0.02197563 9.36768145 3.9734870625
1953-09-01 0.04980272 9.36768145 3.9734870625
1953-10-01 0.04653776 9.36768145 3.9734870625
1953-11-01 0.02172465 9.36768145 3.9734870625
1953-12-01 0.01636806 9.36768145 3.9734870625
1954-01-01 0.02340896 9.36768145 3.9734870625
1954-02-01 0.01894453 9.36768145 3.9734870625
1954-03-01 0.01123778 9.36768145 3.9734870625
1954-04-01 0.01926097 9.36768145 3.9734870625
1954-05-01 0.07662092 9.36768145 3.9734870625
1954-06-01 0.01666372 9.36768145 3.9734870625
1954-07-01 0.01348882 9.36768145 3.9734870625
1954-08-01 0.01244195 9.36768145 3.9734870625
1954-09-01 0.01000865 9.36768145 3.9734870625
1954-10-01 0.00879392 9.36768145 3.9734870625
1954-11-01 0.01765813 9.36768145 3.9734870625
1954-12-01 0.01536998 9.36768145 3.9734870625
1955-01-01 0.00900142 9.36768145 3.9734870625
1955-02-01 0.00519227 9.36768145 3.9734870625
1955-03-01 0.00529287 9.36768145 3.9734870625
1955-04-01 0.00921725 9.36768145 3.9734870625
1955-05-01 0.00899198 9.36768145 3.9734870625
1955-06-01 0.01118765 9.36768145 3.9734870625
1955-07-01 0.01282059 9.36768145 3.9734870625
1955-08-01 0.01332475 9.36768145 3.9734870625
1955-09-01 0.01077881 9.36768145 3.9734870625
1955-10-01 0.00800434 9.36768145 3.9734870625
1955-11-01 0.00602786 9.36768145 3.9734870625
1955-12-01 0.10241979 9.36768145 3.9734870625
1956-01-01 0.32533156 9.4890481 3.9734870625
1956-02-01 0.22434224 9.50942543 3.9734870625
1956-03-01 0.11103207 9.50942543 3.9734870625
1956-04-01 0.08189526 9.50942543 3.9734870625
1956-05-01 0.18367272 9.50942543 3.9734870625
1956-06-01 0.16172377 9.50942543 3.9734870625
1956-07-01 0.02014297 9.50942543 3.9734870625
1956-08-01 0.01445015 9.50942543 3.9734870625
1956-09-01 0.0201385 9.50942543 3.9734870625
1956-10-01 0.04421069 9.50942543 3.9734870625
1956-11-01 0.02011501 9.50942543 3.9734870625
1956-12-01 0.01988671 9.50942543 3.9734870625
1957-01-01 0.01092201 9.50942543 3.9734870625
1957-02-01 0.00562064 9.50942543 3.9734870625
1957-03-01 0.00559794 9.50942543 3.9734870625
1957-04-01 0.00889771 9.50942543 3.9734870625
1957-05-01 0.00917941 9.50942543 3.9734870625
1957-06-01 0.01276647 9.50942543 3.9734870625
1957-07-01 0.0129198 9.50942543 3.9734870625
1957-08-01 0.01132831 9.50942543 3.9734870625
1957-09-01 0.00911506 9.50942543 3.9734870625
1957-10-01 0.00699128 9.50942543 3.9734870625
1957-11-01 0.00589171 9.50942543 3.9734870625
1957-12-01 0.00688718 9.50942543 3.9734870625
1958-01-01 0.00752101 9.50942543 3.9734870625
1958-02-01 0.01083213 9.50942543 3.9734870625
1958-03-01 0.09116136 9.50942543 3.9734870625
1958-04-01 0.40956023 9.71502075 4.057223595
1958-05-01 0.38970719 9.90076303 4.1211070875
1958-06-01 0.23211921 9.92891733 4.1211070875
1958-07-01 0.0313613 9.92891733 4.1211070875
1958-08-01 0.01418765 9.92891733 4.1211070875
1958-09-01 0.00959032 9.92891733 4.1211070875
1958-10-01 0.00697785 9.92891733 4.1211070875
1958-11-01 0.00590982 9.92891733 4.1211070875
1958-12-01 0.00480135 9.92891733 4.1211070875
1959-01-01 0.00507763 9.92891733 4.1211070875
1959-02-01 0.00589426 9.92891733 4.1211070875
1959-03-01 0.00585136 9.92891733 4.1211070875
1959-04-01 0.00944094 9.92891733 4.1211070875
1959-05-01 0.00968924 9.92891733 4.1211070875
1959-06-01 0.01131121 9.92891733 4.1211070875
1959-07-01 0.01323407 9.92891733 4.1211070875
1959-08-01 0.01300667 9.92891733 4.1211070875
1959-09-01 0.00970325 9.92891733 4.1211070875
1959-10-01 0.00795847 9.92891733 4.1211070875
1959-11-01 0.00718674 9.92891733 4.1211070875
1959-12-01 0.00511579 9.92891733 4.1211070875
1960-01-01 0.00431317 9.92891733 4.1211070875
1960-02-01 0.00523629 9.92891733 4.1211070875
1960-03-01 0.00768363 9.92891733 4.1211070875
1960-04-01 0.01062044 9.92891733 4.1211070875
1960-05-01 0.01106933 9.92891733 4.1211070875
1960-06-01 0.01333372 9.92891733 4.1211070875
1960-07-01 0.01483044 9.92891733 4.1211070875
1960-08-01 0.01424552 9.92891733 4.1211070875
1960-09-01 0.01140135 9.92891733 4.1211070875
1960-10-01 0.00891132 9.92891733 4.1211070875
1960-11-01 0.0069047 9.92891733 4.1211070875
1960-12-01 0.01160163 9.92891733 4.1211070875
1961-01-01 0.01050813 9.92891733 4.1211070875
1961-02-01 0.00533266 9.92891733 4.1211070875
1961-03-01 0.00761781 9.92891733 4.1211070875
1961-04-01 0.00990629 9.92891733 4.1211070875
1961-05-01 0.01137158 9.92891733 4.1211070875
1961-06-01 0.01094855 9.92891733 4.1211070875
1961-07-01 0.01200297 9.92891733 4.1211070875
1961-08-01 0.01085571 9.92891733 4.1211070875
1961-09-01 0.00782612 9.92891733 4.1211070875
1961-10-01 0.00648119 9.92891733 4.1211070875
1961-11-01 0.00616033 9.92891733 4.1211070875
1961-12-01 0.00522585 9.92891733 4.1211070875
1962-01-01 0.00493373 9.92891733 4.1211070875
1962-02-01 0.01548864 9.92891733 4.1211070875
1962-03-01 0.00743093 9.92891733 4.1211070875
1962-04-01 0.00853582 9.92891733 4.1211070875
1962-05-01 0.00858136 9.92891733 4.1211070875
1962-06-01 0.01051683 9.92891733 4.1211070875
1962-07-01 0.01135443 9.92891733 4.1211070875
1962-08-01 0.01052712 9.92891733 4.1211070875
1962-09-01 0.00779354 9.92891733 4.1211070875
1962-10-01 0.00661183 9.92891733 4.1211070875
1962-11-01 0.00576926 9.92891733 4.1211070875
1962-12-01 0.0053158 9.92891733 4.1211070875
1963-01-01 0.00538691 9.92891733 4.1211070875
1963-02-01 0.00533345 9.92891733 4.1211070875
1963-03-01 0.00738202 9.92891733 4.1211070875
1963-04-01 0.00869525 9.92891733 4.1211070875
1963-05-01 0.00749145 9.92891733 4.1211070875
1963-06-01 0.0261597 9.92891733 4.1211070875
1963-07-01 0.01172811 9.92891733 4.1211070875
1963-08-01 0.01114727 9.92891733 4.1211070875
1963-09-01 0.00744634 9.92891733 4.1211070875
1963-10-01 0.00633118 9.92891733 4.1211070875
1963-11-01 0.00595315 9.92891733 4.1211070875
1963-12-01 0.00461949 9.92891733 4.1211070875
1964-01-01 0.00434614 9.92891733 4.1211070875
1964-02-01 0.0046329 9.92891733 4.1211070875
1964-03-01 0.00678313 9.92891733 4.1211070875
1964-04-01 0.006764 9.92891733 4.1211070875
1964-05-01 0.00864471 9.92891733 4.1211070875
1964-06-01 0.00886996 9.92891733 4.1211070875
1964-07-01 0.01095158 9.92891733 4.1211070875
1964-08-01 0.01100049 9.92891733 4.1211070875
1964-09-01 0.0078873 9.92891733 4.1211070875
1964-10-01 0.00719313 9.92891733 4.1211070875
1964-11-01 0.00581143 9.92891733 4.1211070875
1964-12-01 0.00700874 9.92891733 4.1211070875
1965-01-01 0.00497501 9.92891733 4.1211070875
1965-02-01 0.00454277 9.92891733 4.1211070875
1965-03-01 0.00708131 9.92891733 4.1211070875
1965-04-01 0.00704128 9.92891733 4.1211070875
1965-05-01 0.00761475 9.92891733 4.1211070875
1965-06-01 0.00862116 9.92891733 4.1211070875
1965-07-01 0.01081563 9.92891733 4.1211070875
1965-08-01 0.01077394 9.92891733 4.1211070875
1965-09-01 0.00713601 9.92891733 4.1211070875
1965-10-01 0.00558572 9.92891733 4.1211070875
1965-11-01 0.00719607 9.92891733 4.1211070875
1965-12-01 0.00507384 9.92891733 4.1211070875
1966-01-01 0.00390551 9.92891733 4.1211070875
1966-02-01 0.00351754 9.92891733 4.1211070875
1966-03-01 0.00577648 9.92891733 4.1211070875
1966-04-01 0.00681676 9.92891733 4.1211070875
1966-05-01 0.00888696 9.92891733 4.1211070875
1966-06-01 0.0090565 9.92891733 4.1211070875
1966-07-01 0.00984524 9.92891733 4.1211070875
1966-08-01 0.00978471 9.92891733 4.1211070875
1966-09-01 0.00737201 9.92891733 4.1211070875
1966-10-01 0.00634337 9.92891733 4.1211070875
1966-11-01 0.00568673 9.92891733 4.1211070875
1966-12-01 0.00634773 9.92891733 4.1211070875
1967-01-01 0.01147903 9.92891733 4.1211070875
1967-02-01 0.05634972 9.92891733 4.1211070875
1967-03-01 0.01197316 9.92891733 4.1211070875
1967-04-01 0.23923162 9.96418404 4.1211070875
1967-05-01 0.49210459 10.25232372 4.28738798
1967-06-01 0.35899779 10.4073566 4.3205620725
1967-07-01 0.08647004 10.4073566 4.3205620725
1967-08-01 0.01656092 10.4073566 4.3205620725
1967-09-01 0.01081828 10.4073566 4.3205620725
1967-10-01 0.00659629 10.4073566 4.3205620725
1967-11-01 0.00545911 10.4073566 4.3205620725
1967-12-01 0.0042404 10.4073566 4.3205620725
1968-01-01 0.00393747 10.4073566 4.3205620725
1968-02-01 0.00404841 10.4073566 4.3205620725
1968-03-01 0.00495822 10.4073566 4.3205620725
1968-04-01 0.00586333 10.4073566 4.3205620725
1968-05-01 0.0065213 10.4073566 4.3205620725
1968-06-01 0.00827935 10.4073566 4.3205620725
1968-07-01 0.00976726 10.4073566 4.3205620725
1968-08-01 0.00943122 10.4073566 4.3205620725
1968-09-01 0.00765049 10.4073566 4.3205620725
1968-10-01 0.00611103 10.4073566 4.3205620725
1968-11-01 0.00553998 10.4073566 4.3205620725
1968-12-01 0.00528773 10.4073566 4.3205620725
1969-01-01 0.08526651 10.4073566 4.3205620725
1969-02-01 0.39198892 10.59538061 4.386727295
1969-03-01 0.47165165 10.86306735 4.5325552475
1969-04-01 0.27067282 10.92977526 4.5325552475
1969-05-01 0.46359051 11.18940086 4.67032206
1969-06-01 0.46060897 11.44604492 4.8051073325
1969-07-01 0.06536745 11.44604492 4.8051073325
1969-08-01 0.01419915 11.44604492 4.8051073325
1969-09-01 0.00737212 11.44604492 4.8051073325
1969-10-01 0.00521515 11.44604492 4.8051073325
1969-11-01 0.0043877 11.44604492 4.8051073325
1969-12-01 0.00451637 11.44604492 4.8051073325
1970-01-01 0.01607426 11.44604492 4.8051073325
1970-02-01 0.03029936 11.44604492 4.8051073325
1970-03-01 0.0109903 11.44604492 4.8051073325
1970-04-01 0.00708995 11.44604492 4.8051073325
1970-05-01 0.00757453 11.44604492 4.8051073325
1970-06-01 0.0065219 11.44604492 4.8051073325
1970-07-01 0.00734769 11.44604492 4.8051073325
1970-08-01 0.00674267 11.44604492 4.8051073325
1970-09-01 0.00566928 11.44604492 4.8051073325
1970-10-01 0.0050543 11.44604492 4.8051073325
1970-11-01 0.00586091 11.44604492 4.8051073325
1970-12-01 0.00514862 11.44604492 4.8051073325
1971-01-01 0.00395393 11.44604492 4.8051073325
1971-02-01 0.00400169 11.44604492 4.8051073325
1971-03-01 0.00526917 11.44604492 4.8051073325
1971-04-01 0.00505269 11.44604492 4.8051073325
1971-05-01 0.00496258 11.44604492 4.8051073325
1971-06-01 0.00691536 11.44604492 4.8051073325
1971-07-01 0.00823315 11.44604492 4.8051073325
1971-08-01 0.00830112 11.44604492 4.8051073325
1971-09-01 0.00703911 11.44604492 4.8051073325
1971-10-01 0.00563236 11.44604492 4.8051073325
1971-11-01 0.00418686 11.44604492 4.8051073325
1971-12-01 0.00475969 11.44604492 4.8051073325
1972-01-01 0.0037106 11.44604492 4.8051073325
1972-02-01 0.00387857 11.44604492 4.8051073325
1972-03-01 0.00637524 11.44604492 4.8051073325
1972-04-01 0.00805901 11.44604492 4.8051073325
1972-05-01 0.00800638 11.44604492 4.8051073325
1972-06-01 0.0092465 11.44604492 4.8051073325
1972-07-01 0.01105268 11.44604492 4.8051073325
1972-08-01 0.00963628 11.44604492 4.8051073325
1972-09-01 0.00820064 11.44604492 4.8051073325
1972-10-01 0.00693495 11.44604492 4.8051073325
1972-11-01 0.00780137 11.44604492 4.8051073325
1972-12-01 0.00526882 11.44604492 4.8051073325
1973-01-01 0.00541939 11.44604492 4.8051073325
1973-02-01 0.0585496 11.44604492 4.8051073325
1973-03-01 0.02897252 11.44604492 4.8051073325
1973-04-01 0.11694094 11.44604492 4.8051073325
1973-05-01 0.01660429 11.44604492 4.8051073325
1973-06-01 0.0373087 11.44604492 4.8051073325
1973-07-01 0.01236215 11.44604492 4.8051073325
1973-08-01 0.0098463 11.44604492 4.8051073325
1973-09-01 0.00742463 11.44604492 4.8051073325
1973-10-01 0.00659353 11.44604492 4.8051073325
1973-11-01 0.00527926 11.44604492 4.8051073325
1973-12-01 0.00489722 11.44604492 4.8051073325
1974-01-01 0.0321259 11.44604492 4.8051073325
1974-02-01 0.01248565 11.44604492 4.8051073325
1974-03-01 0.00978462 11.44604492 4.8051073325
1974-04-01 0.02686935 11.44604492 4.8051073325
1974-05-01 0.01367936 11.44604492 4.8051073325
1974-06-01 0.02253077 11.44604492 4.8051073325
1974-07-01 0.01140408 11.44604492 4.8051073325
1974-08-01 0.00924059 11.44604492 4.8051073325
1974-09-01 0.00706596 11.44604492 4.8051073325
1974-10-01 0.00642411 11.44604492 4.8051073325
1974-11-01 0.00450952 11.44604492 4.8051073325
1974-12-01 0.00430571 11.44604492 4.8051073325
1975-01-01 0.0037996 11.44604492 4.8051073325
1975-02-01 0.00471146 11.44604492 4.8051073325
1975-03-01 0.00778675 11.44604492 4.8051073325
1975-04-01 0.00616387 11.44604492 4.8051073325
1975-05-01 0.00863513 11.44604492 4.8051073325
1975-06-01 0.00863013 11.44604492 4.8051073325
1975-07-01 0.00892359 11.44604492 4.8051073325
1975-08-01 0.00785089 11.44604492 4.8051073325
1975-09-01 0.00622871 11.44604492 4.8051073325
1975-10-01 0.00667055 11.44604492 4.8051073325
1975-11-01 0.00546472 11.44604492 4.8051073325
1975-12-01 0.00469182 11.44604492 4.8051073325
1976-01-01 0.00492608 11.44604492 4.8051073325
1976-02-01 0.00757606 11.44604492 4.8051073325
1976-03-01 0.00687215 11.44604492 4.8051073325
1976-04-01 0.00738691 11.44604492 4.8051073325
1976-05-01 0.01104757 11.44604492 4.8051073325
1976-06-01 0.01071569 11.44604492 4.8051073325
1976-07-01 0.01089125 11.44604492 4.8051073325
1976-08-01 0.00999565 11.44604492 4.8051073325
1976-09-01 0.00828825 11.44604492 4.8051073325
1976-10-01 0.00652442 11.44604492 4.8051073325
1976-11-01 0.00544419 11.44604492 4.8051073325
1976-12-01 0.00644926 11.44604492 4.8051073325
1977-01-01 0.00546212 11.44604492 4.8051073325
1977-02-01 0.00577621 11.44604492 4.8051073325
1977-03-01 0.00656445 11.44604492 4.8051073325
1977-04-01 0.00911179 11.44604492 4.8051073325
1977-05-01 0.00837523 11.44604492 4.8051073325
1977-06-01 0.01039393 11.44604492 4.8051073325
1977-07-01 0.01160701 11.44604492 4.8051073325
1977-08-01 0.01147796 11.44604492 4.8051073325
1977-09-01 0.00923127 11.44604492 4.8051073325
1977-10-01 0.00798375 11.44604492 4.8051073325
1977-11-01 0.00713083 11.44604492 4.8051073325
1977-12-01 0.00846673 11.44604492 4.8051073325
1978-01-01 0.00824673 11.44604492 4.8051073325
1978-02-01 0.10931135 11.44604492 4.8051073325
1978-03-01 0.30163781 11.54371782 4.8051073325
1978-04-01 0.41182614 11.75157905 4.891109775
1978-05-01 0.32939943 11.87701357 4.8946855075
1978-06-01 0.16288533 11.87701357 4.8946855075
1978-07-01 0.01837969 11.87701357 4.8946855075
1978-08-01 0.00967742 11.87701357 4.8946855075
1978-09-01 0.00760229 11.87701357 4.8946855075
1978-10-01 0.00707853 11.87701357 4.8946855075
1978-11-01 0.00554737 11.87701357 4.8946855075
1978-12-01 0.00487898 11.87701357 4.8946855075
1979-01-01 0.01978047 11.87701357 4.8946855075
1979-02-01 0.0201359 11.87701357 4.8946855075
1979-03-01 0.01360375 11.87701357 4.8946855075
1979-04-01 0.01052811 11.87701357 4.8946855075
1979-05-01 0.01540209 11.87701357 4.8946855075
1979-06-01 0.01050868 11.87701357 4.8946855075
1979-07-01 0.00945209 11.87701357 4.8946855075
1979-08-01 0.00822056 11.87701357 4.8946855075
1979-09-01 0.00750866 11.87701357 4.8946855075
1979-10-01 0.00717191 11.87701357 4.8946855075
1979-11-01 0.0063975 11.87701357 4.8946855075
1979-12-01 0.00559662 11.87701357 4.8946855075
1980-01-01 0.12964004 11.87701357 4.8946855075
1980-02-01 0.19998078 11.87701357 4.8946855075
1980-03-01 0.24324036 11.91628902 4.8946855075
1980-04-01 0.11172255 11.91628902 4.8946855075
1980-05-01 0.14720566 11.91628902 4.8946855075
1980-06-01 0.03140904 11.91628902 4.8946855075
1980-07-01 0.09253824 11.91628902 4.8946855075
1980-08-01 0.01817136 11.91628902 4.8946855075
1980-09-01 0.0110449 11.91628902 4.8946855075
1980-10-01 0.00691745 11.91628902 4.8946855075
1980-11-01 0.00594063 11.91628902 4.8946855075
1980-12-01 0.00440671 11.91628902 4.8946855075
1981-01-01 0.0057908 11.91628902 4.8946855075
1981-02-01 0.00458782 11.91628902 4.8946855075
1981-03-01 0.00762311 11.91628902 4.8946855075
1981-04-01 0.00726273 11.91628902 4.8946855075
1981-05-01 0.00900752 11.91628902 4.8946855075
1981-06-01 0.00950058 11.91628902 4.8946855075
1981-07-01 0.01146756 11.91628902 4.8946855075
1981-08-01 0.00947551 11.91628902 4.8946855075
1981-09-01 0.00824354 11.91628902 4.8946855075
1981-10-01 0.00693096 11.91628902 4.8946855075
1981-11-01 0.00712744 11.91628902 4.8946855075
1981-12-01 0.00518325 11.91628902 4.8946855075
1982-01-01 0.00725316 11.91628902 4.8946855075
1982-02-01 0.00542495 11.91628902 4.8946855075
1982-03-01 0.02146588 11.91628902 4.8946855075
1982-04-01 0.40451997 12.11684408 4.97338178
1982-05-01 0.24112488 12.15400405 4.97338178
1982-06-01 0.10071824 12.15400405 4.97338178
1982-07-01 0.0318909 12.15400405 4.97338178
1982-08-01 0.01183667 12.15400405 4.97338178
1982-09-01 0.00689387 12.15400405 4.97338178
1982-10-01 0.00657399 12.15400405 4.97338178
1982-11-01 0.0937584 12.15400405 4.97338178
1982-12-01 0.23034567 12.18038481 4.97338178
1983-01-01 0.23253681 12.20895671 4.97338178
1983-02-01 0.29023946 12.29523126 4.97338178
1983-03-01 0.44678917 12.53805552 5.0943472525
1983-04-01 0.46090707 12.79499768 5.229430625
1983-05-01 0.37729151 12.96832428 5.2808984375
1983-06-01 0.52225771 13.28661708 5.47733245
1983-07-01 0.32328387 13.40593604 5.47733245
1983-08-01 0.09423736 13.40593604 5.47733245
1983-09-01 0.12914956 13.40593604 5.47733245
1983-10-01 0.07984954 13.40593604 5.47733245
1983-11-01 0.07991476 13.40593604 5.47733245
1983-12-01 0.1389962 13.40593604 5.47733245
1984-01-01 0.23792604 13.43989717 5.47733245
1984-02-01 0.0355108 13.43989717 5.47733245
1984-03-01 0.01270303 13.43989717 5.47733245
1984-04-01 0.01732874 13.43989717 5.47733245
1984-05-01 0.01108794 13.43989717 5.47733245
1984-06-01 0.01027892 13.43989717 5.47733245
1984-07-01 0.01002686 13.43989717 5.47733245
1984-08-01 0.00878815 13.43989717 5.47733245
1984-09-01 0.00798169 13.43989717 5.47733245
1984-10-01 0.00672673 13.43989717 5.47733245
1984-11-01 0.00608093 13.43989717 5.47733245
1984-12-01 0.00474128 13.43989717 5.47733245
1985-01-01 0.00394476 13.43989717 5.47733245
1985-02-01 0.00382923 13.43989717 5.47733245
1985-03-01 0.00595789 13.43989717 5.47733245
1985-04-01 0.00757204 13.43989717 5.47733245
1985-05-01 0.00932382 13.43989717 5.47733245
1985-06-01 0.00939468 13.43989717 5.47733245
1985-07-01 0.0103046 13.43989717 5.47733245
1985-08-01 0.00907424 13.43989717 5.47733245
1985-09-01 0.00836451 13.43989717 5.47733245
1985-10-01 0.007491 13.43989717 5.47733245
1985-11-01 0.00810523 13.43989717 5.47733245
1985-12-01 0.00543846 13.43989717 5.47733245
1986-01-01 0.00539306 13.43989717 5.47733245
1986-02-01 0.19940398 13.43989717 5.47733245
1986-03-01 0.40113159 13.63706385 5.5526403425
1986-04-01 0.28250295 13.71560189 5.5526403425
1986-05-01 0.02865765 13.71560189 5.5526403425
1986-06-01 0.03445719 13.71560189 5.5526403425
1986-07-01 0.01459956 13.71560189 5.5526403425
1986-08-01 0.00980908 13.71560189 5.5526403425
1986-09-01 0.00902694 13.71560189 5.5526403425
1986-10-01 0.00577441 13.71560189 5.5526403425
1986-11-01 0.00556612 13.71560189 5.5526403425
1986-12-01 0.00435212 13.71560189 5.5526403425
1987-01-01 0.00408876 13.71560189 5.5526403425
1987-02-01 0.00464821 13.71560189 5.5526403425
1987-03-01 0.00718108 13.71560189 5.5526403425
1987-04-01 0.00758305 13.71560189 5.5526403425
1987-05-01 0.00952961 13.71560189 5.5526403425
1987-06-01 0.00931511 13.71560189 5.5526403425
1987-07-01 0.01114689 13.71560189 5.5526403425
1987-08-01 0.00965818 13.71560189 5.5526403425
1987-09-01 0.00875702 13.71560189 5.5526403425
1987-10-01 0.00822729 13.71560189 5.5526403425
1987-11-01 0.00575805 13.71560189 5.5526403425
1987-12-01 0.00563619 13.71560189 5.5526403425
1988-01-01 0.0049657 13.71560189 5.5526403425
1988-02-01 0.00480321 13.71560189 5.5526403425
1988-03-01 0.00864273 13.71560189 5.5526403425
1988-04-01 0.00947543 13.71560189 5.5526403425
1988-05-01 0.00949945 13.71560189 5.5526403425
1988-06-01 0.01049402 13.71560189 5.5526403425
1988-07-01 0.01254873 13.71560189 5.5526403425
1988-08-01 0.01041701 13.71560189 5.5526403425
1988-09-01 0.00909599 13.71560189 5.5526403425
1988-10-01 0.00837135 13.71560189 5.5526403425
1988-11-01 0.00716502 13.71560189 5.5526403425
1988-12-01 0.00618329 13.71560189 5.5526403425
1989-01-01 0.00404406 13.71560189 5.5526403425
1989-02-01 0.00509461 13.71560189 5.5526403425
1989-03-01 0.00940385 13.71560189 5.5526403425
1989-04-01 0.00786016 13.71560189 5.5526403425
1989-05-01 0.00963624 13.71560189 5.5526403425
1989-06-01 0.01019965 13.71560189 5.5526403425
1989-07-01 0.01216367 13.71560189 5.5526403425
1989-08-01 0.01199688 13.71560189 5.5526403425
1989-09-01 0.00954506 13.71560189 5.5526403425
1989-10-01 0.00833228 13.71560189 5.5526403425
1989-11-01 0.0072094 13.71560189 5.5526403425
1989-12-01 0.00695037 13.71560189 5.5526403425
1990-01-01 0.00548944 13.71560189 5.5526403425
1990-02-01 0.00576276 13.71560189 5.5526403425
1990-03-01 0.00780467 13.71560189 5.5526403425
1990-04-01 0.0098317 13.71560189 5.5526403425
1990-05-01 0.01213736 13.71560189 5.5526403425
1990-06-01 0.01070241 13.71560189 5.5526403425
1990-07-01 0.01327238 13.71560189 5.5526403425
1990-08-01 0.01310856 13.71560189 5.5526403425
1990-09-01 0.01111964 13.71560189 5.5526403425
1990-10-01 0.0098865 13.71560189 5.5526403425
1990-11-01 0.00836791 13.71560189 5.5526403425
1990-12-01 0.00749002 13.71560189 5.5526403425
1991-01-01 0.00680518 13.71560189 5.5526403425
1991-02-01 0.00798744 13.71560189 5.5526403425
1991-03-01 0.01713871 13.71560189 5.5526403425
1991-04-01 0.00807225 13.71560189 5.5526403425
1991-05-01 0.01143347 13.71560189 5.5526403425
1991-06-01 0.01178528 13.71560189 5.5526403425
1991-07-01 0.01410273 13.71560189 5.5526403425
1991-08-01 0.01259913 13.71560189 5.5526403425
1991-09-01 0.01047665 13.71560189 5.5526403425
1991-10-01 0.01044253 13.71560189 5.5526403425
1991-11-01 0.00795541 13.71560189 5.5526403425
1991-12-01 0.0074179 13.71560189 5.5526403425
1992-01-01 0.00654522 13.71560189 5.5526403425
1992-02-01 0.00978594 13.71560189 5.5526403425
1992-03-01 0.00882786 13.71560189 5.5526403425
1992-04-01 0.01044989 13.71560189 5.5526403425
1992-05-01 0.0128535 13.71560189 5.5526403425
1992-06-01 0.01627547 13.71560189 5.5526403425
1992-07-01 0.01688461 13.71560189 5.5526403425
1992-08-01 0.01703503 13.71560189 5.5526403425
1992-09-01 0.01488379 13.71560189 5.5526403425
1992-10-01 0.0134228 13.71560189 5.5526403425
1992-11-01 0.00811092 13.71560189 5.5526403425
1992-12-01 0.00841279 13.71560189 5.5526403425
1993-01-01 0.01483111 13.71560189 5.5526403425
1993-02-01 0.00858949 13.71560189 5.5526403425
1993-03-01 0.03224101 13.71560189 5.5526403425
1993-04-01 0.06954435 13.71560189 5.5526403425
1993-05-01 0.05652363 13.71560189 5.5526403425
1993-06-01 0.06635479 13.71560189 5.5526403425
1993-07-01 0.04622672 13.71560189 5.5526403425
1993-08-01 0.02091997 13.71560189 5.5526403425
1993-09-01 0.01679146 13.71560189 5.5526403425
1993-10-01 0.01186486 13.71560189 5.5526403425
1993-11-01 0.00876112 13.71560189 5.5526403425
1993-12-01 0.00716417 13.71560189 5.5526403425
1994-01-01 0.00789096 13.71560189 5.5526403425
1994-02-01 0.00830299 13.71560189 5.5526403425
1994-03-01 0.00965554 13.71560189 5.5526403425
1994-04-01 0.01102152 13.71560189 5.5526403425
1994-05-01 0.01211581 13.71560189 5.5526403425
1994-06-01 0.01357433 13.71560189 5.5526403425
1994-07-01 0.01662104 13.71560189 5.5526403425
1994-08-01 0.01595205 13.71560189 5.5526403425
1994-09-01 0.01483931 13.71560189 5.5526403425
1994-10-01 0.01109271 13.71560189 5.5526403425
1994-11-01 0.00911447 13.71560189 5.5526403425
1994-12-01 0.00777314 13.71560189 5.5526403425
1995-01-01 0.01399103 13.71560189 5.5526403425
1995-02-01 0.02483753 13.71560189 5.5526403425
1995-03-01 0.26005472 13.7716917 5.5526403425
1995-04-01 0.36009464 13.92782143 5.586911285
1995-05-01 0.46778423 14.19164075 5.7288718175
1995-06-01 0.16814302 14.19164075 5.7288718175
1995-07-01 0.32550929 14.31318513 5.7288718175
1995-08-01 0.03993762 14.31318513 5.7288718175
1995-09-01 0.01641023 14.31318513 5.7288718175
1995-10-01 0.01179654 14.31318513 5.7288718175
1995-11-01 0.00935282 14.31318513 5.7288718175
1995-12-01 0.00799152 14.31318513 5.7288718175
1996-01-01 0.00737513 14.31318513 5.7288718175
1996-02-01 0.03863756 14.31318513 5.7288718175
1996-03-01 0.10029263 14.31318513 5.7288718175
1996-04-01 0.07435802 14.31318513 5.7288718175
1996-05-01 0.10134338 14.31318513 5.7288718175
1996-06-01 0.02724818 14.31318513 5.7288718175
1996-07-01 0.01783163 14.31318513 5.7288718175
1996-08-01 0.01555307 14.31318513 5.7288718175
1996-09-01 0.0136758 14.31318513 5.7288718175
1996-10-01 0.01220262 14.31318513 5.7288718175
1996-11-01 0.00882117 14.31318513 5.7288718175
1996-12-01 0.07194935 14.31318513 5.7288718175
1997-01-01 0.55333062 14.66255084 5.95637874
1997-02-01 0.36642962 14.82501555 5.9969846625
1997-03-01 0.09086876 14.82501555 5.9969846625
1997-04-01 0.02170566 14.82501555 5.9969846625
1997-05-01 0.01980688 14.82501555 5.9969846625
1997-06-01 0.01982574 14.82501555 5.9969846625
1997-07-01 0.01915816 14.82501555 5.9969846625
1997-08-01 0.02060108 14.82501555 5.9969846625
1997-09-01 0.01863887 14.82501555 5.9969846625
1997-10-01 0.01563272 14.82501555 5.9969846625
1997-11-01 0.01337397 14.82501555 5.9969846625
1997-12-01 0.0114363 14.82501555 5.9969846625
1998-01-01 0.01233275 14.82501555 5.9969846625
1998-02-01 0.18604125 14.82501555 5.9969846625
1998-03-01 0.15129505 14.82501555 5.9969846625
1998-04-01 0.27530563 14.89635627 5.9969846625
1998-05-01 0.25501493 14.94740629 5.9969846625
1998-06-01 0.38649665 15.12993803 6.057657615
1998-07-01 0.27285951 15.19883263 6.057657615
1998-08-01 0.03456409 15.19883263 6.057657615
1998-09-01 0.02676636 15.19883263 6.057657615
1998-10-01 0.02433592 15.19883263 6.057657615
1998-11-01 0.02408893 15.19883263 6.057657615
1998-12-01 0.03363007 15.19883263 6.057657615
1999-01-01 0.01916708 15.19883263 6.057657615
1999-02-01 0.02832048 15.19883263 6.057657615
1999-03-01 0.01027859 15.19883263 6.057657615
1999-04-01 0.00909558 15.19883263 6.057657615
1999-05-01 0.01136508 15.19883263 6.057657615
1999-06-01 0.02078189 15.19883263 6.057657615
1999-07-01 0.03499485 15.19883263 6.057657615
1999-08-01 0.01959287 15.19883263 6.057657615
1999-09-01 0.01515969 15.19883263 6.057657615
1999-10-01 0.00983998 15.19883263 6.057657615
1999-11-01 0.0068864 15.19883263 6.057657615
1999-12-01 0.0064427 15.19883263 6.057657615
2000-01-01 0.00923135 15.19883263 6.057657615
2000-02-01 0.01444256 15.19883263 6.057657615
2000-03-01 0.05594118 15.19883263 6.057657615
2000-04-01 0.01569655 15.19883263 6.057657615
2000-05-01 0.01148017 15.19883263 6.057657615
2000-06-01 0.02870937 15.19883263 6.057657615
2000-07-01 0.01655505 15.19883263 6.057657615
2000-08-01 0.01612639 15.19883263 6.057657615
2000-09-01 0.01601558 15.19883263 6.057657615
2000-10-01 0.01577182 15.19883263 6.057657615
2000-11-01 0.01176273 15.19883263 6.057657615
2000-12-01 0.01176887 15.19883263 6.057657615
2001-01-01 0.01173987 15.19883263 6.057657615
2001-02-01 0.00819654 15.19883263 6.057657615
2001-03-01 0.00735308 15.19883263 6.057657615
2001-04-01 0.00832478 15.19883263 6.057657615
2001-05-01 0.01151432 15.19883263 6.057657615
2001-06-01 0.01744546 15.19883263 6.057657615
2001-07-01 0.01544269 15.19883263 6.057657615
2001-08-01 0.01562825 15.19883263 6.057657615
2001-09-01 0.01954373 15.19883263 6.057657615
2001-10-01 0.01315334 15.19883263 6.057657615
2001-11-01 0.00953499 15.19883263 6.057657615
2001-12-01 0.00978913 15.19883263 6.057657615
2002-01-01 0.00743596 15.19883263 6.057657615
2002-02-01 0.00672647 15.19883263 6.057657615
2002-03-01 0.01017592 15.19883263 6.057657615
2002-04-01 0.01275284 15.19883263 6.057657615
2002-05-01 0.01388338 15.19883263 6.057657615
2002-06-01 0.01307433 15.19883263 6.057657615
2002-07-01 0.01540307 15.19883263 6.057657615
2002-08-01 0.01255709 15.19883263 6.057657615
2002-09-01 0.01218171 15.19883263 6.057657615
2002-10-01 0.01091267 15.19883263 6.057657615
2002-11-01 0.01005517 15.19883263 6.057657615
2002-12-01 0.01023873 15.19883263 6.057657615
2003-01-01 0.00791512 15.19883263 6.057657615
2003-02-01 0.00734325 15.19883263 6.057657615
2003-03-01 0.00780312 15.19883263 6.057657615
2003-04-01 0.01113541 15.19883263 6.057657615
2003-05-01 0.0127185 15.19883263 6.057657615
2003-06-01 0.020406 15.19883263 6.057657615
2003-07-01 0.01697535 15.19883263 6.057657615
2003-08-01 0.01412686 15.19883263 6.057657615
2003-09-01 0.01438488 15.19883263 6.057657615
2003-10-01 0.01211373 15.19883263 6.057657615
2003-11-01 0.0086331 15.19883263 6.057657615
2003-12-01 0.00931034 15.19883263 6.057657615
2004-01-01 0.00741657 15.19883263 6.057657615
2004-02-01 0.00832597 15.19883263 6.057657615
2004-03-01 0.00988928 15.19883263 6.057657615
2004-04-01 0.01367176 15.19883263 6.057657615
2004-05-01 0.01436979 15.19883263 6.057657615
2004-06-01 0.01471859 15.19883263 6.057657615
2004-07-01 0.01420732 15.19883263 6.057657615
2004-08-01 0.01308439 15.19883263 6.057657615
2004-09-01 0.01230522 15.19883263 6.057657615
2004-10-01 0.01305473 15.19883263 6.057657615
2004-11-01 0.00936979 15.19883263 6.057657615
2004-12-01 0.01007352 15.19883263 6.057657615
2005-01-01 0.01068016 15.19883263 6.057657615
2005-02-01 0.01041854 15.19883263 6.057657615
2005-03-01 0.02109298 15.19883263 6.057657615
2005-04-01 0.09011049 15.19883263 6.057657615
2005-05-01 0.30682301 15.30169073 6.057657615
2005-06-01 0.19125837 15.30169073 6.057657615
2005-07-01 0.04660161 15.30169073 6.057657615
2005-08-01 0.01996792 15.30169073 6.057657615
2005-09-01 0.01714983 15.30169073 6.057657615
2005-10-01 0.01316211 15.30169073 6.057657615
2005-11-01 0.01033475 15.30169073 6.057657615
2005-12-01 0.00917847 15.30169073 6.057657615
2006-01-01 0.02745623 15.30169073 6.057657615
2006-02-01 0.00841224 15.30169073 6.057657615
2006-03-01 0.03872552 15.30169073 6.057657615
2006-04-01 0.4301466 15.52787242 6.1619805175
2006-05-01 0.41073899 15.7346465 6.24689581
2006-06-01 0.34914667 15.87982826 6.2702187825
2006-07-01 0.0592552 15.87982826 6.2702187825
2006-08-01 0.02598655 15.87982826 6.2702187825
2006-09-01 0.02140645 15.87982826 6.2702187825
2006-10-01 0.02034607 15.87982826 6.2702187825
2006-11-01 0.01254182 15.87982826 6.2702187825
2006-12-01 0.00968491 15.87982826 6.2702187825
2007-01-01 0.00903933 15.87982826 6.2702187825
2007-02-01 0.00665111 15.87982826 6.2702187825
2007-03-01 0.00903919 15.87982826 6.2702187825
2007-04-01 0.01328138 15.87982826 6.2702187825
2007-05-01 0.01749531 15.87982826 6.2702187825
2007-06-01 0.01828538 15.87982826 6.2702187825
2007-07-01 0.01932041 15.87982826 6.2702187825
2007-08-01 0.01767853 15.87982826 6.2702187825
2007-09-01 0.01707172 15.87982826 6.2702187825
2007-10-01 0.0112361 15.87982826 6.2702187825
2007-11-01 0.00997883 15.87982826 6.2702187825
2007-12-01 0.0081228 15.87982826 6.2702187825
2008-01-01 0.00977614 15.87982826 6.2702187825
2008-02-01 0.00840969 15.87982826 6.2702187825
2008-03-01 0.01573187 15.87982826 6.2702187825
2008-04-01 0.01825326 15.87982826 6.2702187825
2008-05-01 0.01889363 15.87982826 6.2702187825
2008-06-01 0.01856666 15.87982826 6.2702187825
2008-07-01 0.01907061 15.87982826 6.2702187825
2008-08-01 0.01499074 15.87982826 6.2702187825
2008-09-01 0.01153696 15.87982826 6.2702187825
2008-10-01 0.00994191 15.87982826 6.2702187825
2008-11-01 0.00845885 15.87982826 6.2702187825
2008-12-01 0.00736927 15.87982826 6.2702187825
2009-01-01 0.00727681 15.87982826 6.2702187825
2009-02-01 0.00680823 15.87982826 6.2702187825
2009-03-01 0.00833606 15.87982826 6.2702187825
2009-04-01 0.0108399 15.87982826 6.2702187825
2009-05-01 0.01420457 15.87982826 6.2702187825
2009-06-01 0.01295046 15.87982826 6.2702187825
2009-07-01 0.01406077 15.87982826 6.2702187825
2009-08-01 0.01346277 15.87982826 6.2702187825
2009-09-01 0.0116174 15.87982826 6.2702187825
