1965-09-01 0 0 0 0 0 0 0
1965-10-01 0 0 0 0 0 0 0
1965-11-01 0 0 0 0 0 0 0
1965-12-01 0 0 0 0 0 0 0
1966-01-01 0 0 0 0 0 0 0
1966-02-01 0 0 0 0 0 0 0
1966-03-01 0 0 0 0 0 0 0
1966-04-01 0 0 0 0 0 0 0
1966-05-01 0 0 0 0 0 0 0
1966-06-01 0 0 0 0 0 0 0
1966-07-01 0 0 0 0 0 0 0
1966-08-01 0 0 0 0 0 0 0
1966-09-01 0 0 0 0 0 0 0
1966-10-01 0 0 0 0 0 0 0
1966-11-01 0 0 0 0 0 0 0
1966-12-01 0 0.006699125 0 0 0.082258465 0.09945648 0.01513717
1967-01-01 0 0.02951036 0 0 0.09340476 0.10243908 0.01513717
1967-02-01 0 0.02951036 0 0 0.09340476 0.10243908 0.01513717
1967-03-01 0 0.02951036 0 0 0.09340476 0.10243908 0.01513717
1967-04-01 0.03526671 0.02951036 0 0 0.098208725 0.13289876 0.05111039
1967-05-01 0.32340639 0.058370765 0.1407003 0.147804785 0.098208725 0.13289876 0.05111039
1967-06-01 0.47843927 0.10469877 0.29494206 0.25387902 0.098208725 0.13289876 0.05111039
1967-07-01 0.47843927 0.120000935 0.43706039 0.327628285 0.098208725 0.13289876 0.05111039
1967-08-01 0.47843927 0.1851758 0.43706039 0.327628285 0.098208725 0.13289876 0.05111039
1967-09-01 0.47843927 0.190919585 0.43706039 0.327628285 0.098208725 0.13289876 0.05111039
1967-10-01 0.47843927 0.190919585 0.43706039 0.327628285 0.098208725 0.13289876 0.05111039
1967-11-01 0.47843927 0.190919585 0.43706039 0.327628285 0.098208725 0.13289876 0.05111039
1967-12-01 0.47843927 0.190919585 0.43706039 0.327628285 0.098208725 0.13289876 0.05111039
1968-01-01 0.47843927 0.190919585 0.43706039 0.327628285 0.098208725 0.13289876 0.05111039
1968-02-01 0.47843927 0.190919585 0.43706039 0.327628285 0.098208725 0.13289876 0.05111039
1968-03-01 0.47843927 0.190919585 0.43706039 0.327628285 0.098208725 0.13289876 0.05111039
1968-04-01 0.47843927 0.190919585 0.43706039 0.327628285 0.098208725 0.13289876 0.05111039
1968-05-01 0.47843927 0.190919585 0.43706039 0.327628285 0.098208725 0.13289876 0.05111039
1968-06-01 0.47843927 0.190919585 0.43706039 0.327628285 0.098208725 0.13289876 0.05111039
1968-07-01 0.47843927 0.190919585 0.43706039 0.327628285 0.098208725 0.13289876 0.05111039
1968-08-01 0.47843927 0.190919585 0.43706039 0.327628285 0.098208725 0.13289876 0.05111039
1968-09-01 0.47843927 0.190919585 0.43706039 0.327628285 0.098208725 0.13289876 0.05111039
1968-10-01 0.47843927 0.190919585 0.43706039 0.327628285 0.098208725 0.13289876 0.05111039
1968-11-01 0.47843927 0.190919585 0.43706039 0.327628285 0.098208725 0.13289876 0.05111039
1968-12-01 0.47843927 0.190919585 0.43706039 0.327628285 0.098208725 0.13289876 0.05111039
1969-01-01 0.47843927 0.19483806 0.43706039 0.327628285 0.1898422 0.27394497 0.15250231
1969-02-01 0.66646328 0.236068745 0.43706039 0.40897924 0.317332475 0.42295564 0.20641149
1969-03-01 0.93415002 0.33295722 0.54639377 0.593449985 0.35374208 0.45645872 0.20641149
1969-04-01 1.00085793 0.541546985 0.7111471 0.80158815 0.385822525 0.49366169 0.21062412
1969-05-01 1.26048353 0.70471118 0.94447427 1.053471715 0.40720963 0.50421801 0.21062412
1969-06-01 1.51712759 0.897254195 1.39613424 1.46893646 0.437988495 0.51417179 0.21062412
1969-07-01 1.51712759 0.97702106 1.50012774 1.537246715 0.437988495 0.51417179 0.21062412
1969-08-01 1.51712759 1.035273795 1.50012774 1.537246715 0.437988495 0.51417179 0.21062412
1969-09-01 1.51712759 1.03823686 1.50012774 1.537246715 0.437988495 0.51417179 0.21062412
1969-10-01 1.51712759 1.03823686 1.50012774 1.537246715 0.437988495 0.51417179 0.21062412
1969-11-01 1.51712759 1.03823686 1.50012774 1.537246715 0.437988495 0.51417179 0.21062412
1969-12-01 1.51712759 1.03823686 1.50012774 1.537246715 0.437988495 0.51417179 0.21062412
1970-01-01 1.51712759 1.03823686 1.50012774 1.537246715 0.437988495 0.51417179 0.21062412
1970-02-01 1.51712759 1.03823686 1.50012774 1.537246715 0.437988495 0.51417179 0.21062412
1970-03-01 1.51712759 1.03823686 1.50012774 1.537246715 0.437988495 0.51417179 0.21062412
1970-04-01 1.51712759 1.03823686 1.50012774 1.537246715 0.437988495 0.51417179 0.21062412
1970-05-01 1.51712759 1.03823686 1.50012774 1.537246715 0.437988495 0.51417179 0.21062412
1970-06-01 1.51712759 1.03823686 1.50012774 1.537246715 0.437988495 0.51417179 0.21062412
1970-07-01 1.51712759 1.03823686 1.50012774 1.537246715 0.437988495 0.51417179 0.21062412
1970-08-01 1.51712759 1.03823686 1.50012774 1.537246715 0.437988495 0.51417179 0.21062412
1970-09-01 1.51712759 1.03823686 1.50012774 1.537246715 0.437988495 0.51417179 0.21062412
1970-10-01 1.51712759 1.03823686 1.50012774 1.537246715 0.437988495 0.51417179 0.21062412
1970-11-01 1.51712759 1.03823686 1.50012774 1.537246715 0.437988495 0.51417179 0.21069351
1970-12-01 1.51712759 1.03823686 1.50012774 1.537246715 0.437988495 0.51417179 0.21069351
1971-01-01 1.51712759 1.03823686 1.50012774 1.537246715 0.437988495 0.51417179 0.21069351
1971-02-01 1.51712759 1.03823686 1.50012774 1.537246715 0.437988495 0.51417179 0.21069351
1971-03-01 1.51712759 1.03823686 1.50012774 1.537246715 0.437988495 0.51417179 0.21069351
1971-04-01 1.51712759 1.03823686 1.50012774 1.537246715 0.437988495 0.51417179 0.21069351
1971-05-01 1.51712759 1.03823686 1.50012774 1.537246715 0.437988495 0.51417179 0.21069351
1971-06-01 1.51712759 1.03823686 1.50012774 1.537246715 0.437988495 0.51417179 0.21069351
1971-07-01 1.51712759 1.03823686 1.50012774 1.537246715 0.437988495 0.51417179 0.21069351
1971-08-01 1.51712759 1.03823686 1.50012774 1.537246715 0.437988495 0.51417179 0.21069351
1971-09-01 1.51712759 1.03823686 1.50012774 1.537246715 0.437988495 0.51417179 0.21069351
1971-10-01 1.51712759 1.03823686 1.50012774 1.537246715 0.437988495 0.51417179 0.21069351
1971-11-01 1.51712759 1.03823686 1.50012774 1.537246715 0.437988495 0.51417179 0.21069351
1971-12-01 1.51712759 1.03823686 1.50012774 1.537246715 0.437988495 0.51417179 0.21069351
1972-01-01 1.51712759 1.03823686 1.50012774 1.537246715 0.437988495 0.51417179 0.21069351
1972-02-01 1.51712759 1.03823686 1.50012774 1.537246715 0.437988495 0.51417179 0.21069351
1972-03-01 1.51712759 1.03823686 1.50012774 1.537246715 0.437988495 0.51417179 0.21069351
1972-04-01 1.51712759 1.03823686 1.50012774 1.537246715 0.437988495 0.51417179 0.21069351
1972-05-01 1.51712759 1.03823686 1.50012774 1.537246715 0.437988495 0.51417179 0.21069351
1972-06-01 1.51712759 1.03823686 1.50012774 1.537246715 0.437988495 0.51417179 0.21069351
1972-07-01 1.51712759 1.03823686 1.50012774 1.537246715 0.437988495 0.51417179 0.21069351
1972-08-01 1.51712759 1.03823686 1.50012774 1.537246715 0.437988495 0.51417179 0.21069351
1972-09-01 1.51712759 1.03823686 1.50012774 1.537246715 0.437988495 0.51417179 0.21069351
1972-10-01 1.51712759 1.03823686 1.50012774 1.537246715 0.437988495 0.51417179 0.21069351
1972-11-01 1.51712759 1.03823686 1.50012774 1.537246715 0.437988495 0.51417179 0.21069351
1972-12-01 1.51712759 1.03823686 1.50012774 1.537246715 0.437988495 0.51417179 0.21069351
1973-01-01 1.51712759 1.03823686 1.50012774 1.537246715 0.43811376 0.52348061 0.22905077
1973-02-01 1.51712759 1.03823686 1.50012774 1.537246715 0.443953805 0.52901034 0.23033069
1973-03-01 1.51712759 1.03823686 1.50012774 1.537246715 0.45722135 0.55857458 0.25668615
1973-04-01 1.51712759 1.03823686 1.50012774 1.537246715 0.45722135 0.55857458 0.25668615
1973-05-01 1.51712759 1.03823686 1.50012774 1.537246715 0.45722135 0.55857458 0.25668615
1973-06-01 1.51712759 1.039837805 1.50012774 1.537246715 0.45722135 0.55857458 0.25668615
1973-07-01 1.51712759 1.04742071 1.50012774 1.537246715 0.45722135 0.55857458 0.25668615
1973-08-01 1.51712759 1.04742071 1.50012774 1.537246715 0.45722135 0.55857458 0.25668615
1973-09-01 1.51712759 1.04742071 1.50012774 1.537246715 0.45722135 0.55857458 0.25668615
1973-10-01 1.51712759 1.04742071 1.50012774 1.537246715 0.45722135 0.55857458 0.25668615
1973-11-01 1.51712759 1.04742071 1.50012774 1.537246715 0.45722135 0.55857458 0.25668615
1973-12-01 1.51712759 1.04742071 1.50012774 1.537246715 0.45722135 0.55857458 0.25668615
1974-01-01 1.51712759 1.04742071 1.50012774 1.537246715 0.463526395 0.56650224 0.25884908
1974-02-01 1.51712759 1.04742071 1.50012774 1.537246715 0.463526395 0.56650224 0.25884908
1974-03-01 1.51712759 1.04742071 1.50012774 1.537246715 0.463526395 0.56650224 0.25884908
1974-04-01 1.51712759 1.04742071 1.50012774 1.537246715 0.463526395 0.56650224 0.25884908
1974-05-01 1.51712759 1.04742071 1.50012774 1.537246715 0.463526395 0.56650224 0.25884908
1974-06-01 1.51712759 1.04742071 1.53772442 1.5387192 0.463526395 0.56650224 0.25884908
1974-07-01 1.51712759 1.04742071 1.53772442 1.5387192 0.463526395 0.56650224 0.25884908
1974-08-01 1.51712759 1.04742071 1.53772442 1.5387192 0.463526395 0.56650224 0.25884908
1974-09-01 1.51712759 1.04742071 1.53772442 1.5387192 0.463526395 0.56650224 0.25884908
1974-10-01 1.51712759 1.04742071 1.53772442 1.5387192 0.463526395 0.56650224 0.25884908
1974-11-01 1.51712759 1.04742071 1.53772442 1.5387192 0.463526395 0.56650224 0.25884908
1974-12-01 1.51712759 1.04742071 1.53772442 1.5387192 0.463526395 0.56650224 0.25884908
1975-01-01 1.51712759 1.04742071 1.53772442 1.5387192 0.463526395 0.56650224 0.25884908
1975-02-01 1.51712759 1.04742071 1.53772442 1.5387192 0.463526395 0.56650224 0.25884908
1975-03-01 1.51712759 1.04742071 1.53772442 1.5387192 0.463526395 0.56650224 0.25884908
1975-04-01 1.51712759 1.04742071 1.53772442 1.5387192 0.463526395 0.56650224 0.25884908
1975-05-01 1.51712759 1.04742071 1.53772442 1.5387192 0.463526395 0.56650224 0.25884908
1975-06-01 1.51712759 1.04742071 1.53772442 1.5387192 0.463526395 0.56650224 0.25884908
1975-07-01 1.51712759 1.04742071 1.53772442 1.5387192 0.463526395 0.56650224 0.25884908
1975-08-01 1.51712759 1.04742071 1.53772442 1.5387192 0.463526395 0.56650224 0.25884908
1975-09-01 1.51712759 1.04742071 1.53772442 1.5387192 0.463526395 0.56650224 0.25884908
1975-10-01 1.51712759 1.04742071 1.53772442 1.5387192 0.463526395 0.56650224 0.25884908
1975-11-01 1.51712759 1.04742071 1.53772442 1.5387192 0.463526395 0.56650224 0.25884908
1975-12-01 1.51712759 1.04742071 1.53772442 1.5387192 0.463526395 0.56650224 0.25884908
1976-01-01 1.51712759 1.04742071 1.53772442 1.5387192 0.463526395 0.56650224 0.25884908
1976-02-01 1.51712759 1.04742071 1.53772442 1.5387192 0.463526395 0.56650224 0.26198645
1976-03-01 1.51712759 1.04742071 1.53772442 1.5387192 0.463526395 0.56650224 0.26198645
1976-04-01 1.51712759 1.04742071 1.53772442 1.5387192 0.463526395 0.56650224 0.26198645
1976-05-01 1.51712759 1.04742071 1.53772442 1.5387192 0.463526395 0.56650224 0.26198645
1976-06-01 1.51712759 1.04742071 1.53772442 1.5387192 0.463526395 0.56650224 0.26198645
1976-07-01 1.51712759 1.04742071 1.53772442 1.5387192 0.463526395 0.56650224 0.26198645
1976-08-01 1.51712759 1.04742071 1.53772442 1.5387192 0.463526395 0.56650224 0.26198645
1976-09-01 1.51712759 1.04742071 1.53772442 1.5387192 0.463526395 0.56650224 0.26198645
1976-10-01 1.51712759 1.04742071 1.53772442 1.5387192 0.463526395 0.56650224 0.26198645
1976-11-01 1.51712759 1.04742071 1.53772442 1.5387192 0.463526395 0.56650224 0.26198645
1976-12-01 1.51712759 1.04742071 1.53772442 1.5387192 0.463526395 0.56650224 0.26198645
1977-01-01 1.51712759 1.04742071 1.53772442 1.5387192 0.463526395 0.56650224 0.26198645
1977-02-01 1.51712759 1.04742071 1.53772442 1.5387192 0.463526395 0.56650224 0.26198645
1977-03-01 1.51712759 1.04742071 1.53772442 1.5387192 0.463526395 0.56650224 0.26198645
1977-04-01 1.51712759 1.04742071 1.53772442 1.5387192 0.463526395 0.56650224 0.26198645
1977-05-01 1.51712759 1.04742071 1.53772442 1.5387192 0.463526395 0.56650224 0.26198645
1977-06-01 1.51712759 1.04742071 1.53772442 1.5387192 0.463526395 0.56650224 0.26198645
1977-07-01 1.51712759 1.04742071 1.53772442 1.5387192 0.463526395 0.56650224 0.26198645
1977-08-01 1.51712759 1.04742071 1.53772442 1.5387192 0.463526395 0.56650224 0.26198645
1977-09-01 1.51712759 1.04742071 1.53772442 1.5387192 0.463526395 0.56650224 0.26198645
1977-10-01 1.51712759 1.04742071 1.53772442 1.5387192 0.463526395 0.56650224 0.26198645
1977-11-01 1.51712759 1.04742071 1.53772442 1.5387192 0.463526395 0.56650224 0.26198645
1977-12-01 1.51712759 1.04742071 1.53772442 1.5387192 0.463526395 0.56650224 0.26789467
1978-01-01 1.51712759 1.04742071 1.53772442 1.5387192 0.463526395 0.56650224 0.26789467
1978-02-01 1.51712759 1.060716225 1.53772442 1.5387192 0.47031502 0.59662751 0.33369709
1978-03-01 1.61480049 1.060716225 1.53772442 1.554104275 0.503050045 0.6726761 0.40388447
1978-04-01 1.82266172 1.08098431 1.60045027 1.67104178 0.503050045 0.6726761 0.40470322
1978-05-01 1.94809624 1.186835835 1.70006818 1.792409205 0.503050045 0.6726761 0.40470322
1978-06-01 1.94809624 1.24776182 1.73742522 1.80036601 0.503050045 0.6726761 0.40470322
1978-07-01 1.94809624 1.266708045 1.775791 1.80036601 0.503050045 0.6726761 0.40470322
1978-08-01 1.94809624 1.266708045 1.80764268 1.80036601 0.503050045 0.6726761 0.40470322
1978-09-01 1.94809624 1.266708045 1.80764268 1.80036601 0.503050045 0.6726761 0.40470322
1978-10-01 1.94809624 1.266708045 1.80764268 1.80036601 0.503050045 0.6726761 0.40470322
1978-11-01 1.94809624 1.266708045 1.80764268 1.80036601 0.503050045 0.6726761 0.40470322
1978-12-01 1.94809624 1.266708045 1.80764268 1.80036601 0.503050045 0.6726761 0.40470322
1979-01-01 1.94809624 1.266708045 1.80764268 1.80036601 0.503050045 0.6726761 0.40470322
1979-02-01 1.94809624 1.266708045 1.80764268 1.80036601 0.503050045 0.6726761 0.40470322
1979-03-01 1.94809624 1.266708045 1.80764268 1.80036601 0.504454 0.68218508 0.41082808
1979-04-01 1.94809624 1.266708045 1.80764268 1.80036601 0.504454 0.68218508 0.41082808
1979-05-01 1.94809624 1.266708045 1.80764268 1.80036601 0.504454 0.68218508 0.41082808
1979-06-01 1.94809624 1.266708045 1.80764268 1.80036601 0.504454 0.68218508 0.41082808
1979-07-01 1.94809624 1.266708045 1.80764268 1.80036601 0.504454 0.68218508 0.41082808
1979-08-01 1.94809624 1.266708045 1.80764268 1.80036601 0.504454 0.68218508 0.41082808
1979-09-01 1.94809624 1.266708045 1.80764268 1.80036601 0.504454 0.68218508 0.41082808
1979-10-01 1.94809624 1.266708045 1.80764268 1.80036601 0.504454 0.68218508 0.41082808
1979-11-01 1.94809624 1.266708045 1.80764268 1.80036601 0.504454 0.68218508 0.41082808
1979-12-01 1.94809624 1.266708045 1.80764268 1.80036601 0.504454 0.68218508 0.41082808
1980-01-01 1.94809624 1.266708045 1.80764268 1.80036601 0.536217125 0.72084099 0.41955269
1980-02-01 1.94809624 1.266708045 1.80764268 1.80036601 0.60016226 0.78767493 0.4213061
1980-03-01 1.98737169 1.28690626 1.92491389 1.945999585 0.619016725 0.80835161 0.4213061
1980-04-01 1.98737169 1.314326465 1.92491389 1.945999585 0.619016725 0.80835161 0.42464475
1980-05-01 1.98737169 1.33150298 1.92491389 1.945999585 0.619016725 0.80835161 0.42464475
1980-06-01 1.98737169 1.355901275 1.92491389 1.945999585 0.619016725 0.80835161 0.42464475
1980-07-01 1.98737169 1.38990862 1.96090413 1.945999585 0.619016725 0.80835161 0.42464475
1980-08-01 1.98737169 1.395400525 1.96090413 1.945999585 0.619016725 0.80835161 0.42464475
1980-09-01 1.98737169 1.395400525 1.96090413 1.945999585 0.619016725 0.80835161 0.42464475
1980-10-01 1.98737169 1.395400525 1.96090413 1.945999585 0.619016725 0.80835161 0.42464475
1980-11-01 1.98737169 1.395400525 1.96090413 1.945999585 0.619016725 0.80835161 0.42464475
1980-12-01 1.98737169 1.395400525 1.96090413 1.945999585 0.619016725 0.80835161 0.42464475
1981-01-01 1.98737169 1.395400525 1.96090413 1.945999585 0.619016725 0.80835161 0.42464475
1981-02-01 1.98737169 1.395400525 1.96090413 1.945999585 0.619016725 0.80835161 0.42464475
1981-03-01 1.98737169 1.395400525 1.96090413 1.945999585 0.619016725 0.80835161 0.42464475
1981-04-01 1.98737169 1.395400525 1.96090413 1.945999585 0.619016725 0.80835161 0.42464475
1981-05-01 1.98737169 1.395400525 1.96090413 1.945999585 0.619016725 0.80835161 0.42464475
1981-06-01 1.98737169 1.395400525 1.96090413 1.945999585 0.619016725 0.80835161 0.42464475
1981-07-01 1.98737169 1.395400525 1.96090413 1.945999585 0.619016725 0.80835161 0.42464475
1981-08-01 1.98737169 1.395400525 1.96090413 1.945999585 0.619016725 0.80835161 0.42464475
1981-09-01 1.98737169 1.395400525 1.96090413 1.945999585 0.619016725 0.80835161 0.42464475
1981-10-01 1.98737169 1.395400525 1.96090413 1.945999585 0.619016725 0.80835161 0.42464475
1981-11-01 1.98737169 1.395400525 1.96090413 1.945999585 0.619016725 0.80835161 0.42464475
1981-12-01 1.98737169 1.395400525 1.96090413 1.945999585 0.619016725 0.80835161 0.42464475
1982-01-01 1.98737169 1.395400525 1.96090413 1.945999585 0.619016725 0.80835161 0.42464475
1982-02-01 1.98737169 1.395400525 1.96090413 1.945999585 0.619016725 0.80835161 0.42464475
1982-03-01 1.98737169 1.395400525 1.96090413 1.945999585 0.6343574 0.83924466 0.45400766
1982-04-01 2.18792675 1.395400525 2.00251858 2.02543111 0.654446655 0.86336648 0.45406828
1982-05-01 2.22508672 1.395400525 2.15988024 2.169059985 0.65568398 0.86336648 0.45406828
1982-06-01 2.22508672 1.395400525 2.21568091 2.18405207 0.65568398 0.86336648 0.45406828
1982-07-01 2.22508672 1.395400525 2.24907253 2.18405207 0.65568398 0.86336648 0.45406828
1982-08-01 2.22508672 1.395400525 2.25716089 2.18405207 0.65568398 0.86336648 0.45406828
1982-09-01 2.22508672 1.395400525 2.25716089 2.18405207 0.65568398 0.86336648 0.45406828
1982-10-01 2.22508672 1.395400525 2.25716089 2.18405207 0.65568398 0.86336648 0.45406828
1982-11-01 2.22508672 1.395400525 2.25716089 2.217118275 0.661986625 0.86336648 0.45406828
1982-12-01 2.25146748 1.395400525 2.30915036 2.34022689 0.661986625 0.86336648 0.45406828
1983-01-01 2.28003938 1.40831529 2.34403594 2.449268105 0.71731856 0.91414158 0.47747349
1983-02-01 2.36631393 1.460318145 2.39351043 2.57946334 0.791646915 0.9882827 0.47786034
1983-03-01 2.60913819 1.55614998 2.47348636 2.745050675 0.92119682 1.1547334 0.53762423
1983-04-01 2.86608035 1.699809765 2.67845655 3.00501447 0.960452545 1.19115056 0.53762423
1983-05-01 3.03940695 1.89187657 2.88638446 3.252417845 0.98504759 1.19189314 0.53762423
1983-06-01 3.35769975 2.099348755 3.19393761 3.56854635 1.019682455 1.19294143 0.53762423
1983-07-01 3.47701871 2.27317161 3.34566438 3.708187375 1.0294902 1.19294143 0.53762423
1983-08-01 3.47701871 2.281287235 3.36472504 3.72277753 1.0294902 1.19294143 0.53762423
1983-09-01 3.47701871 2.28551522 3.36472504 3.72277753 1.0294902 1.19294143 0.53762423
1983-10-01 3.47701871 2.28551522 3.36472504 3.72277753 1.0294902 1.19294143 0.53762423
1983-11-01 3.47701871 2.28551522 3.36472504 3.760748315 1.0294902 1.19294143 0.53762423
1983-12-01 3.47701871 2.28551522 3.36472504 3.80473286 1.034021085 1.19294143 0.53762423
1984-01-01 3.51097984 2.28551522 3.36472504 3.875675115 1.034021085 1.19294143 0.53762423
1984-02-01 3.51097984 2.28551522 3.36472504 3.875675115 1.034021085 1.19294143 0.53762423
1984-03-01 3.51097984 2.28551522 3.36472504 3.875675115 1.034021085 1.19294143 0.53762423
1984-04-01 3.51097984 2.28551522 3.36472504 3.875675115 1.034021085 1.19294143 0.53762423
1984-05-01 3.51097984 2.28551522 3.36472504 3.875675115 1.034021085 1.19294143 0.53762423
1984-06-01 3.51097984 2.28551522 3.36472504 3.875675115 1.034021085 1.19294143 0.53762423
1984-07-01 3.51097984 2.28551522 3.36472504 3.875675115 1.034021085 1.19294143 0.53762423
1984-08-01 3.51097984 2.28551522 3.36472504 3.875675115 1.034021085 1.19294143 0.53762423
1984-09-01 3.51097984 2.28551522 3.36472504 3.875675115 1.034021085 1.19294143 0.53762423
1984-10-01 3.51097984 2.28551522 3.36472504 3.875675115 1.034021085 1.19294143 0.53762423
1984-11-01 3.51097984 2.28551522 3.36472504 3.875675115 1.034021085 1.19294143 0.53762423
1984-12-01 3.51097984 2.28551522 3.36472504 3.875675115 1.034021085 1.19294143 0.53762423
1985-01-01 3.51097984 2.28551522 3.36472504 3.875675115 1.034021085 1.19294143 0.53762423
1985-02-01 3.51097984 2.28551522 3.36472504 3.875675115 1.034021085 1.19294143 0.53762423
1985-03-01 3.51097984 2.28551522 3.36472504 3.875675115 1.034021085 1.19294143 0.53762423
1985-04-01 3.51097984 2.28551522 3.36472504 3.875675115 1.034021085 1.19294143 0.53762423
1985-05-01 3.51097984 2.28551522 3.36472504 3.875675115 1.034021085 1.19294143 0.53762423
1985-06-01 3.51097984 2.28551522 3.36472504 3.875675115 1.034021085 1.19294143 0.53762423
1985-07-01 3.51097984 2.28551522 3.38053221 3.875675115 1.034021085 1.19294143 0.53762423
1985-08-01 3.51097984 2.28551522 3.38053221 3.875675115 1.034021085 1.19294143 0.53762423
1985-09-01 3.51097984 2.28551522 3.38053221 3.875675115 1.034021085 1.19294143 0.53762423
1985-10-01 3.51097984 2.28551522 3.38053221 3.875675115 1.034021085 1.19294143 0.53762423
1985-11-01 3.51097984 2.28551522 3.38053221 3.875675115 1.034021085 1.19294143 0.53762423
1985-12-01 3.51097984 2.28551522 3.38053221 3.875675115 1.034021085 1.19294143 0.53762423
1986-01-01 3.51097984 2.28551522 3.38053221 3.875675115 1.034021085 1.19294143 0.53762423
1986-02-01 3.51097984 2.28551522 3.38053221 3.875675115 1.0784334 1.23959817 0.53857031
1986-03-01 3.70814652 2.311649295 3.49183412 4.01552216 1.168886805 1.3564994 0.57008828
1986-04-01 3.78668456 2.31584758 3.62089021 4.156213355 1.17692273 1.35976785 0.57008828
1986-05-01 3.78668456 2.326755125 3.71846325 4.2714708 1.17692273 1.35976785 0.57008828
1986-06-01 3.78668456 2.35412325 3.84332856 4.353482915 1.17692273 1.35976785 0.57008828
1986-07-01 3.78668456 2.35412325 3.85432135 4.353482915 1.17692273 1.35976785 0.57008828
1986-08-01 3.78668456 2.35412325 3.86226408 4.353482915 1.17692273 1.35976785 0.57008828
1986-09-01 3.78668456 2.35412325 3.86226408 4.353482915 1.17692273 1.35976785 0.57008828
1986-10-01 3.78668456 2.35412325 3.86226408 4.353482915 1.17692273 1.35976785 0.57008828
1986-11-01 3.78668456 2.35412325 3.86226408 4.353482915 1.17692273 1.35976785 0.57008828
1986-12-01 3.78668456 2.35412325 3.86226408 4.353482915 1.17692273 1.35976785 0.57008828
1987-01-01 3.78668456 2.35412325 3.86226408 4.353482915 1.17692273 1.35976785 0.57008828
1987-02-01 3.78668456 2.35412325 3.86226408 4.353482915 1.17692273 1.35976785 0.57008828
1987-03-01 3.78668456 2.35412325 3.86226408 4.353482915 1.17692273 1.35976785 0.57008828
1987-04-01 3.78668456 2.35412325 3.86226408 4.353482915 1.17692273 1.35976785 0.57008828
1987-05-01 3.78668456 2.35412325 3.86226408 4.353482915 1.17692273 1.35976785 0.57008828
1987-06-01 3.78668456 2.35412325 3.86226408 4.353482915 1.17692273 1.35976785 0.57008828
1987-07-01 3.78668456 2.35412325 3.86226408 4.353482915 1.17692273 1.35976785 0.57008828
1987-08-01 3.78668456 2.35412325 3.86226408 4.353482915 1.17692273 1.35976785 0.57008828
1987-09-01 3.78668456 2.35412325 3.86226408 4.353482915 1.17692273 1.35976785 0.57008828
1987-10-01 3.78668456 2.35412325 3.86226408 4.353482915 1.17692273 1.35976785 0.57008828
1987-11-01 3.78668456 2.35412325 3.86226408 4.353482915 1.17692273 1.35976785 0.57008828
1987-12-01 3.78668456 2.35412325 3.86226408 4.353482915 1.17692273 1.35976785 0.57008828
1988-01-01 3.78668456 2.35412325 3.86226408 4.353482915 1.17692273 1.35976785 0.57008828
1988-02-01 3.78668456 2.35412325 3.86226408 4.353482915 1.17692273 1.35976785 0.57008828
1988-03-01 3.78668456 2.35412325 3.86226408 4.353482915 1.17692273 1.35976785 0.57008828
1988-04-01 3.78668456 2.35412325 3.86226408 4.353482915 1.17692273 1.35976785 0.57008828
1988-05-01 3.78668456 2.35412325 3.86226408 4.353482915 1.17692273 1.35976785 0.57008828
1988-06-01 3.78668456 2.35412325 3.86226408 4.353482915 1.17692273 1.35976785 0.57008828
1988-07-01 3.78668456 2.35412325 3.86226408 4.353482915 1.17692273 1.35976785 0.57008828
1988-08-01 3.78668456 2.35412325 3.86226408 4.353482915 1.17692273 1.35976785 0.57008828
1988-09-01 3.78668456 2.35412325 3.86226408 4.353482915 1.17692273 1.35976785 0.57008828
1988-10-01 3.78668456 2.35412325 3.86226408 4.353482915 1.17692273 1.35976785 0.57008828
1988-11-01 3.78668456 2.35412325 3.86226408 4.353482915 1.17692273 1.35976785 0.57008828
1988-12-01 3.78668456 2.35412325 3.86226408 4.353482915 1.17692273 1.35976785 0.57008828
1989-01-01 3.78668456 2.35412325 3.86226408 4.353482915 1.17692273 1.35976785 0.57008828
1989-02-01 3.78668456 2.35412325 3.86226408 4.353482915 1.17692273 1.35976785 0.57008828
1989-03-01 3.78668456 2.35412325 3.86226408 4.353482915 1.17692273 1.35976785 0.57008828
1989-04-01 3.78668456 2.35412325 3.86226408 4.353482915 1.17692273 1.35976785 0.57008828
1989-05-01 3.78668456 2.35412325 3.86226408 4.353482915 1.17692273 1.35976785 0.57008828
1989-06-01 3.78668456 2.35412325 3.86226408 4.353482915 1.17692273 1.35976785 0.57008828
1989-07-01 3.78668456 2.35412325 3.86226408 4.353482915 1.17692273 1.35976785 0.57008828
1989-08-01 3.78668456 2.35412325 3.86226408 4.353482915 1.17692273 1.35976785 0.57008828
1989-09-01 3.78668456 2.35412325 3.86226408 4.353482915 1.17692273 1.35976785 0.57008828
1989-10-01 3.78668456 2.35412325 3.86226408 4.353482915 1.17692273 1.35976785 0.57008828
1989-11-01 3.78668456 2.35412325 3.86226408 4.353482915 1.17692273 1.35976785 0.57008828
1989-12-01 3.78668456 2.35412325 3.86226408 4.353482915 1.17692273 1.35976785 0.57008828
1990-01-01 3.78668456 2.35412325 3.86226408 4.353482915 1.17692273 1.35976785 0.57008828
1990-02-01 3.78668456 2.35412325 3.86226408 4.353482915 1.17692273 1.35976785 0.57008828
1990-03-01 3.78668456 2.35412325 3.86226408 4.353482915 1.17692273 1.35976785 0.57008828
1990-04-01 3.78668456 2.35412325 3.86226408 4.353482915 1.17692273 1.35976785 0.57008828
1990-05-01 3.78668456 2.35412325 3.86226408 4.353482915 1.17692273 1.35976785 0.57008828
1990-06-01 3.78668456 2.35412325 3.86226408 4.353482915 1.17692273 1.35976785 0.57008828
1990-07-01 3.78668456 2.35412325 3.86226408 4.353482915 1.17692273 1.35976785 0.57008828
1990-08-01 3.78668456 2.35412325 3.86226408 4.353482915 1.17692273 1.35976785 0.57008828
1990-09-01 3.78668456 2.35412325 3.86226408 4.353482915 1.17692273 1.35976785 0.57008828
1990-10-01 3.78668456 2.35412325 3.86226408 4.353482915 1.17692273 1.35976785 0.57008828
1990-11-01 3.78668456 2.35412325 3.86226408 4.353482915 1.17692273 1.35976785 0.57008828
1990-12-01 3.78668456 2.35412325 3.86226408 4.353482915 1.17692273 1.35976785 0.57008828
1991-01-01 3.78668456 2.35412325 3.86226408 4.353482915 1.17692273 1.35976785 0.57008828
1991-02-01 3.78668456 2.35412325 3.86226408 4.353482915 1.17692273 1.35976785 0.57008828
1991-03-01 3.78668456 2.35412325 3.86226408 4.353482915 1.191815365 1.42274693 0.67673627
1991-04-01 3.78668456 2.35412325 3.86226408 4.353482915 1.191815365 1.42274693 0.67673627
1991-05-01 3.78668456 2.35412325 3.86226408 4.353482915 1.191815365 1.42274693 0.67673627
1991-06-01 3.78668456 2.35412325 3.86226408 4.353482915 1.191815365 1.42274693 0.67673627
1991-07-01 3.78668456 2.35412325 3.86226408 4.353482915 1.20242986 1.42274693 0.67673627
1991-08-01 3.78668456 2.35412325 3.86226408 4.353482915 1.20242986 1.42274693 0.67673627
1991-09-01 3.78668456 2.35412325 3.86226408 4.353482915 1.20242986 1.42274693 0.67673627
1991-10-01 3.78668456 2.35412325 3.86226408 4.353482915 1.20242986 1.42274693 0.67673627
1991-11-01 3.78668456 2.35412325 3.86226408 4.353482915 1.20242986 1.42274693 0.67673627
1991-12-01 3.78668456 2.35412325 3.86226408 4.353482915 1.20242986 1.42274693 0.67673627
1992-01-01 3.78668456 2.35412325 3.86226408 4.353482915 1.20242986 1.42274693 0.67673627
1992-02-01 3.78668456 2.35412325 3.86226408 4.353482915 1.20242986 1.42274693 0.68312581
1992-03-01 3.78668456 2.35412325 3.86226408 4.353482915 1.20242986 1.42274693 0.68312581
1992-04-01 3.78668456 2.35412325 3.86226408 4.353482915 1.20242986 1.42274693 0.68312581
1992-05-01 3.78668456 2.35412325 3.86226408 4.353482915 1.20242986 1.42274693 0.68312581
1992-06-01 3.78668456 2.35412325 3.86226408 4.353482915 1.20242986 1.42274693 0.68312581
1992-07-01 3.78668456 2.35412325 3.86226408 4.353482915 1.20242986 1.42274693 0.68312581
1992-08-01 3.78668456 2.35412325 3.86226408 4.353482915 1.20242986 1.42274693 0.68312581
1992-09-01 3.78668456 2.35412325 3.86226408 4.353482915 1.20242986 1.42274693 0.68312581
1992-10-01 3.78668456 2.35412325 3.86226408 4.353482915 1.20242986 1.42274693 0.68312581
1992-11-01 3.78668456 2.35412325 3.86226408 4.353482915 1.20242986 1.42274693 0.68312581
1992-12-01 3.78668456 2.35412325 3.86226408 4.353482915 1.20242986 1.42274693 0.68312581
1993-01-01 3.78668456 2.35412325 3.86226408 4.353482915 1.207204465 1.43425389 0.69567401
1993-02-01 3.78668456 2.35412325 3.86226408 4.353482915 1.207204465 1.44438823 0.70873993
1993-03-01 3.78668456 2.35412325 3.86226408 4.353482915 1.207204465 1.46033028 0.73730577
1993-04-01 3.78668456 2.35412325 3.86226408 4.353482915 1.207204465 1.46033028 0.74840192
1993-05-01 3.78668456 2.35412325 3.86226408 4.353482915 1.207204465 1.46123646 0.78040633
1993-06-01 3.78668456 2.35412325 3.87481552 4.353482915 1.207204465 1.46358832 0.80548758
1993-07-01 3.78668456 2.35412325 3.89817697 4.353482915 1.218403 1.47108999 0.80548758
1993-08-01 3.78668456 2.35412325 3.89817697 4.353482915 1.218403 1.47108999 0.80548758
1993-09-01 3.78668456 2.35412325 3.89817697 4.353482915 1.218403 1.47108999 0.80548758
1993-10-01 3.78668456 2.35412325 3.89817697 4.353482915 1.218403 1.47108999 0.80548758
1993-11-01 3.78668456 2.35412325 3.89817697 4.353482915 1.218403 1.47108999 0.80548758
1993-12-01 3.78668456 2.35412325 3.89817697 4.353482915 1.218403 1.47108999 0.80548758
1994-01-01 3.78668456 2.35412325 3.89817697 4.353482915 1.218403 1.47108999 0.80548758
1994-02-01 3.78668456 2.35412325 3.89817697 4.353482915 1.218403 1.47108999 0.80548758
1994-03-01 3.78668456 2.35412325 3.89817697 4.353482915 1.218403 1.47108999 0.80548758
1994-04-01 3.78668456 2.35412325 3.89817697 4.353482915 1.218403 1.47108999 0.80548758
1994-05-01 3.78668456 2.35412325 3.89817697 4.353482915 1.218403 1.47108999 0.80548758
1994-06-01 3.78668456 2.35412325 3.89817697 4.353482915 1.218403 1.47108999 0.80548758
1994-07-01 3.78668456 2.35412325 3.89817697 4.353482915 1.218403 1.47108999 0.80548758
1994-08-01 3.78668456 2.35412325 3.89817697 4.353482915 1.218403 1.47108999 0.80548758
1994-09-01 3.78668456 2.35412325 3.89817697 4.353482915 1.218403 1.47108999 0.80548758
1994-10-01 3.78668456 2.35412325 3.89817697 4.353482915 1.218403 1.47108999 0.80548758
1994-11-01 3.78668456 2.35412325 3.89817697 4.353482915 1.218403 1.47108999 0.80548758
1994-12-01 3.78668456 2.35412325 3.89817697 4.353482915 1.218403 1.47108999 0.80548758
1995-01-01 3.78668456 2.35412325 3.89817697 4.353482915 1.224428015 1.50475221 0.85330659
1995-02-01 3.78668456 2.35412325 3.89817697 4.353482915 1.224428015 1.50475221 0.85330659
1995-03-01 3.84277437 2.359262845 3.89817697 4.353482915 1.24809006 1.57719893 0.96894824
1995-04-01 3.9989041 2.359262845 3.96088427 4.43003476 1.24809006 1.57719893 0.96944849
1995-05-01 4.26272342 2.359262845 4.17173212 4.623150225 1.24809006 1.57719893 0.97884654
1995-06-01 4.26272342 2.36302088 4.23637125 4.66245223 1.24809006 1.57719893 0.99993495
1995-07-01 4.3842678 2.36302088 4.39700415 4.734571545 1.24809006 1.57719893 1.00330006
1995-08-01 4.3842678 2.368504535 4.43780899 4.734571545 1.24809006 1.57719893 1.01591015
1995-09-01 4.3842678 2.368504535 4.43780899 4.734571545 1.24809006 1.57719893 1.01591015
1995-10-01 4.3842678 2.368504535 4.43780899 4.78016837 1.24809006 1.57719893 1.01591015
1995-11-01 4.3842678 2.368504535 4.43780899 4.78016837 1.24809006 1.57719893 1.01591015
1995-12-01 4.3842678 2.368504535 4.43780899 4.78016837 1.24809006 1.57719893 1.01591015
1996-01-01 4.3842678 2.368504535 4.43780899 4.78016837 1.24809006 1.57719893 1.01591015
1996-02-01 4.3842678 2.368504535 4.43780899 4.78016837 1.24809006 1.57742598 1.02725265
1996-03-01 4.3842678 2.368504535 4.43780899 4.78016837 1.24809006 1.57742598 1.03209031
1996-04-01 4.3842678 2.368504535 4.43780899 4.78016837 1.24809006 1.57742598 1.03209031
1996-05-01 4.3842678 2.368504535 4.51597194 4.78016837 1.24809006 1.57742598 1.04087007
1996-06-01 4.3842678 2.368504535 4.52840447 4.78016837 1.24809006 1.57742598 1.05190185
1996-07-01 4.3842678 2.368504535 4.52840447 4.78016837 1.24809006 1.57742598 1.05404338
1996-08-01 4.3842678 2.368504535 4.52840447 4.78016837 1.24809006 1.57742598 1.05404338
1996-09-01 4.3842678 2.368504535 4.52840447 4.78016837 1.24809006 1.57742598 1.05404338
1996-10-01 4.3842678 2.368504535 4.52840447 4.78016837 1.24809006 1.57742598 1.05404338
1996-11-01 4.3842678 2.368504535 4.52840447 4.78016837 1.24809006 1.57742598 1.05404338
1996-12-01 4.3842678 2.368504535 4.52840447 4.78016837 1.255622685 1.5934472 1.07957496
1997-01-01 4.73363351 2.4292732 4.5720565 4.893365165 1.34444939 1.69321883 1.11229366
1997-02-01 4.89609822 2.467312605 4.69479968 5.06952824 1.34444939 1.69321883 1.11229366
1997-03-01 4.89609822 2.46914965 4.69479968 5.06952824 1.34444939 1.69321883 1.11229366
1997-04-01 4.89609822 2.46914965 4.69479968 5.06952824 1.34444939 1.69321883 1.11229366
1997-05-01 4.89609822 2.46914965 4.69479968 5.06952824 1.34444939 1.69321883 1.11888581
1997-06-01 4.89609822 2.46914965 4.69479968 5.06952824 1.34444939 1.69321883 1.12278651
1997-07-01 4.89609822 2.46914965 4.69479968 5.06952824 1.34444939 1.69321883 1.12278651
1997-08-01 4.89609822 2.46914965 4.69479968 5.06952824 1.34444939 1.69321883 1.12278651
1997-09-01 4.89609822 2.46914965 4.69479968 5.06952824 1.34444939 1.69321883 1.12278651
1997-10-01 4.89609822 2.46914965 4.69479968 5.06952824 1.34444939 1.69321883 1.12278651
1997-11-01 4.89609822 2.46914965 4.69479968 5.06952824 1.34444939 1.69321883 1.12278651
1997-12-01 4.89609822 2.46914965 4.69479968 5.06952824 1.34444939 1.69321883 1.12278651
1998-01-01 4.89609822 2.46914965 4.69479968 5.06952824 1.34444939 1.69478671 1.12820983
1998-02-01 4.89609822 2.526514405 4.69479968 5.06952824 1.369816425 1.75573178 1.22932787
1998-03-01 4.89609822 2.526514405 4.69479968 5.06952824 1.37434636 1.78130051 1.27814155
1998-04-01 4.96743894 2.55662619 4.74406748 5.166441335 1.37434636 1.78130051 1.28304376
1998-05-01 5.01848896 2.634138745 4.89420437 5.34026459 1.37434636 1.78130051 1.28975135
1998-06-01 5.2010207 2.70973361 5.07991608 5.526164845 1.37434636 1.78130051 1.28975135
1998-07-01 5.2699153 2.748828465 5.23280089 5.62222689 1.37434636 1.78130051 1.29224006
1998-08-01 5.2699153 2.748828465 5.23280089 5.62222689 1.37434636 1.78130051 1.29798298
1998-09-01 5.2699153 2.748828465 5.23280089 5.62222689 1.37434636 1.78130051 1.29798298
1998-10-01 5.2699153 2.748828465 5.23280089 5.62222689 1.37434636 1.78130051 1.29798298
1998-11-01 5.2699153 2.748828465 5.23280089 5.62222689 1.37434636 1.78130051 1.29798298
1998-12-01 5.2699153 2.748828465 5.23280089 5.62222689 1.37434636 1.78130051 1.29798298
1999-01-01 5.2699153 2.748828465 5.23280089 5.62222689 1.376259545 1.8075286 1.34066323
1999-02-01 5.2699153 2.748828465 5.23280089 5.62222689 1.376259545 1.8075286 1.34066323
1999-03-01 5.2699153 2.748828465 5.23280089 5.62222689 1.376259545 1.8075286 1.34066323
1999-04-01 5.2699153 2.748828465 5.23280089 5.62222689 1.376259545 1.8075286 1.34066323
1999-05-01 5.2699153 2.748828465 5.23280089 5.62222689 1.376259545 1.8075286 1.34883622
1999-06-01 5.2699153 2.748828465 5.23280089 5.62222689 1.376259545 1.8075286 1.34883622
1999-07-01 5.2699153 2.748828465 5.23280089 5.62222689 1.376259545 1.8075286 1.34883622
1999-08-01 5.2699153 2.748828465 5.23280089 5.62222689 1.376259545 1.8075286 1.34883622
1999-09-01 5.2699153 2.748828465 5.23280089 5.62222689 1.376259545 1.8075286 1.34883622
1999-10-01 5.2699153 2.748828465 5.23280089 5.62222689 1.376259545 1.8075286 1.34883622
1999-11-01 5.2699153 2.748828465 5.23280089 5.62222689 1.376259545 1.8075286 1.34883622
1999-12-01 5.2699153 2.748828465 5.23280089 5.62222689 1.376259545 1.8075286 1.34883622
2000-01-01 5.2699153 2.748828465 5.23280089 5.62222689 1.376259545 1.8075286 1.34883622
2000-02-01 5.2699153 2.748828465 5.23280089 5.62222689 1.3855711 1.82527073 1.36151194
2000-03-01 5.2699153 2.748828465 5.23280089 5.62222689 1.3855711 1.82527073 1.36151194
2000-04-01 5.2699153 2.748828465 5.23280089 5.62222689 1.3855711 1.82527073 1.36151194
2000-05-01 5.2699153 2.748828465 5.23280089 5.62222689 1.3855711 1.82527073 1.37137163
2000-06-01 5.2699153 2.748828465 5.23280089 5.62222689 1.3855711 1.82527073 1.38405118
2000-07-01 5.2699153 2.748828465 5.24061372 5.62222689 1.3855711 1.82527073 1.38405118
2000-08-01 5.2699153 2.748828465 5.24061372 5.62222689 1.3855711 1.82527073 1.38405118
2000-09-01 5.2699153 2.748828465 5.24061372 5.62222689 1.3855711 1.82527073 1.38405118
2000-10-01 5.2699153 2.748828465 5.24061372 5.62222689 1.3855711 1.82527073 1.38405118
2000-11-01 5.2699153 2.748828465 5.24061372 5.62222689 1.3855711 1.82527073 1.38405118
2000-12-01 5.2699153 2.748828465 5.24061372 5.62222689 1.3855711 1.82527073 1.38405118
2001-01-01 5.2699153 2.748828465 5.24061372 5.62222689 1.3855711 1.82527073 1.38405118
2001-02-01 5.2699153 2.748828465 5.24061372 5.62222689 1.3855711 1.82527073 1.38405118
2001-03-01 5.2699153 2.748828465 5.24061372 5.62222689 1.3855711 1.82527073 1.38405118
2001-04-01 5.2699153 2.748828465 5.24061372 5.62222689 1.3855711 1.82527073 1.38405118
2001-05-01 5.2699153 2.748828465 5.24061372 5.62222689 1.3855711 1.82527073 1.38405118
2001-06-01 5.2699153 2.748828465 5.24061372 5.62222689 1.3855711 1.82527073 1.38405118
2001-07-01 5.2699153 2.748828465 5.24061372 5.62222689 1.3855711 1.82527073 1.38405118
2001-08-01 5.2699153 2.748828465 5.24061372 5.62222689 1.3855711 1.82527073 1.38405118
2001-09-01 5.2699153 2.748828465 5.24061372 5.62222689 1.3855711 1.82527073 1.38405118
2001-10-01 5.2699153 2.748828465 5.24061372 5.62222689 1.3855711 1.82527073 1.38405118
2001-11-01 5.2699153 2.748828465 5.24061372 5.62222689 1.3855711 1.82527073 1.38405118
2001-12-01 5.2699153 2.748828465 5.24061372 5.62222689 1.3855711 1.82527073 1.38405118
2002-01-01 5.2699153 2.748828465 5.24061372 5.62222689 1.3855711 1.82527073 1.38405118
2002-02-01 5.2699153 2.748828465 5.24061372 5.62222689 1.3855711 1.82527073 1.38405118
2002-03-01 5.2699153 2.748828465 5.24061372 5.62222689 1.3855711 1.82527073 1.38405118
2002-04-01 5.2699153 2.748828465 5.24061372 5.62222689 1.3855711 1.82527073 1.38405118
2002-05-01 5.2699153 2.748828465 5.24061372 5.62222689 1.3855711 1.82527073 1.38405118
2002-06-01 5.2699153 2.748828465 5.24061372 5.62222689 1.3855711 1.82527073 1.38405118
2002-07-01 5.2699153 2.748828465 5.24061372 5.62222689 1.3855711 1.82527073 1.38405118
2002-08-01 5.2699153 2.748828465 5.24061372 5.62222689 1.3855711 1.82527073 1.38405118
2002-09-01 5.2699153 2.748828465 5.24061372 5.62222689 1.3855711 1.82527073 1.38405118
2002-10-01 5.2699153 2.748828465 5.24061372 5.62222689 1.3855711 1.82527073 1.38405118
2002-11-01 5.2699153 2.748828465 5.24061372 5.62222689 1.386874075 1.82527073 1.38405118
2002-12-01 5.2699153 2.748828465 5.24061372 5.62222689 1.386874075 1.82527073 1.38405118
2003-01-01 5.2699153 2.748828465 5.24061372 5.62222689 1.386874075 1.82527073 1.38405118
2003-02-01 5.2699153 2.748828465 5.24061372 5.62222689 1.386874075 1.82527073 1.38405118
2003-03-01 5.2699153 2.748828465 5.24061372 5.62222689 1.386874075 1.82527073 1.38405118
2003-04-01 5.2699153 2.748828465 5.24061372 5.62222689 1.386874075 1.82527073 1.38405118
2003-05-01 5.2699153 2.748828465 5.24061372 5.62222689 1.40289513 1.84088805 1.39343522
2003-06-01 5.2699153 2.748828465 5.24061372 5.62222689 1.405295255 1.84291042 1.39926322
2003-07-01 5.2699153 2.748828465 5.26292147 5.62222689 1.405295255 1.84291042 1.39926322
2003-08-01 5.2699153 2.748828465 5.26292147 5.62222689 1.405295255 1.84291042 1.39926322
2003-09-01 5.2699153 2.748828465 5.26292147 5.62222689 1.405295255 1.84291042 1.39926322
2003-10-01 5.2699153 2.748828465 5.26292147 5.62222689 1.405295255 1.84291042 1.39926322
2003-11-01 5.2699153 2.748828465 5.26292147 5.62222689 1.405295255 1.84291042 1.39926322
2003-12-01 5.2699153 2.748828465 5.26292147 5.62222689 1.405295255 1.84291042 1.39926322
2004-01-01 5.2699153 2.748828465 5.26292147 5.62222689 1.405295255 1.84291042 1.39926322
2004-02-01 5.2699153 2.748828465 5.26292147 5.62222689 1.405295255 1.84291042 1.39926322
2004-03-01 5.2699153 2.748828465 5.26292147 5.62222689 1.405295255 1.84291042 1.39926322
2004-04-01 5.2699153 2.748828465 5.26292147 5.62222689 1.405295255 1.84291042 1.39926322
2004-05-01 5.2699153 2.748828465 5.26292147 5.62222689 1.405295255 1.84291042 1.40212539
2004-06-01 5.2699153 2.748828465 5.26292147 5.62222689 1.405295255 1.84291042 1.40212539
2004-07-01 5.2699153 2.748828465 5.26292147 5.62222689 1.405295255 1.84291042 1.40212539
2004-08-01 5.2699153 2.748828465 5.26292147 5.62222689 1.405295255 1.84291042 1.40212539
2004-09-01 5.2699153 2.748828465 5.26292147 5.62222689 1.405295255 1.84291042 1.40212539
2004-10-01 5.2699153 2.748828465 5.26292147 5.62222689 1.405295255 1.84291042 1.40212539
2004-11-01 5.2699153 2.748828465 5.26292147 5.62222689 1.405295255 1.84291042 1.40212539
2004-12-01 5.2699153 2.748828465 5.26292147 5.62222689 1.405295255 1.84291042 1.40212539
2005-01-01 5.2699153 2.748828465 5.26292147 5.62222689 1.40633922 1.85222696 1.41404309
2005-02-01 5.2699153 2.748828465 5.26292147 5.62222689 1.409719825 1.86212463 1.41869325
2005-03-01 5.2699153 2.748828465 5.26292147 5.62222689 1.43416184 1.90996975 1.44337086
2005-04-01 5.2699153 2.75028058 5.26292147 5.62222689 1.43416184 1.91874594 1.45719377
2005-05-01 5.3727734 2.769104695 5.31968811 5.664394945 1.43416184 1.92369528 1.47717318
2005-06-01 5.3727734 2.79609343 5.3855299 5.66923536 1.43416184 1.92369528 1.49209189
2005-07-01 5.3727734 2.79609343 5.4523865 5.66923536 1.43416184 1.93152238 1.50363676
2005-08-01 5.3727734 2.79609343 5.46463172 5.66923536 1.434786165 1.93583297 1.50773729
2005-09-01 5.3727734 2.79609343 5.46463172 5.66923536 1.434786165 1.93583297 1.50773729
2005-10-01 5.3727734 2.79609343 5.46463172 5.66923536 1.434786165 1.93583297 1.50773729
2005-11-01 5.3727734 2.79609343 5.46463172 5.66923536 1.434786165 1.93583297 1.50773729
2005-12-01 5.3727734 2.79609343 5.46463172 5.66923536 1.434786165 1.93583297 1.50773729
2006-01-01 5.3727734 2.79609343 5.46463172 5.66923536 1.4390024 1.94841888 1.51851184
2006-02-01 5.3727734 2.79609343 5.46463172 5.66923536 1.4390024 1.94841888 1.51851184
2006-03-01 5.3727734 2.79609343 5.46463172 5.66923536 1.454863405 1.98358962 1.54214535
2006-04-01 5.59895509 2.817286795 5.57753788 5.829278785 1.46760107 2.01560668 1.5714715
2006-05-01 5.80572917 2.91938454 5.92191857 6.12947645 1.46760107 2.01560668 1.57894447
2006-06-01 5.95091093 2.969791585 6.17040739 6.312790045 1.46760107 2.01560668 1.58222681
2006-07-01 5.95091093 2.969791585 6.25735017 6.32428633 1.46760107 2.01560668 1.59207519
2006-08-01 5.95091093 2.969791585 6.27916882 6.32428633 1.46760107 2.01560668 1.60028309
2006-09-01 5.95091093 2.969791585 6.27916882 6.32428633 1.46760107 2.01560668 1.60028309
2006-10-01 5.95091093 2.969791585 6.27916882 6.32428633 1.46760107 2.01560668 1.60028309
2006-11-01 5.95091093 2.969791585 6.27916882 6.32428633 1.46760107 2.01560668 1.60028309
2006-12-01 5.95091093 2.969791585 6.27916882 6.32428633 1.46760107 2.01560668 1.60028309
2007-01-01 5.95091093 2.969791585 6.27916882 6.32428633 1.46760107 2.01560668 1.60028309
2007-02-01 5.95091093 2.969791585 6.27916882 6.32428633 1.46760107 2.01560668 1.60028309
2007-03-01 5.95091093 2.969791585 6.27916882 6.32428633 1.46760107 2.01560668 1.60028309
2007-04-01 5.95091093 2.969791585 6.27916882 6.32428633 1.46760107 2.01560668 1.60028309
2007-05-01 5.95091093 2.969791585 6.27916882 6.32428633 1.46760107 2.01560668 1.60587892
2007-06-01 5.95091093 2.969791585 6.27916882 6.32428633 1.46760107 2.01560668 1.60587892
2007-07-01 5.95091093 2.969791585 6.27916882 6.32428633 1.46760107 2.01560668 1.60587892
2007-08-01 5.95091093 2.969791585 6.27916882 6.32428633 1.46760107 2.01560668 1.60587892
2007-09-01 5.95091093 2.969791585 6.27916882 6.32428633 1.46760107 2.01560668 1.60587892
2007-10-01 5.95091093 2.969791585 6.27916882 6.32428633 1.46760107 2.01560668 1.60587892
2007-11-01 5.95091093 2.969791585 6.27916882 6.32428633 1.46760107 2.01560668 1.60587892
2007-12-01 5.95091093 2.969791585 6.27916882 6.32428633 1.46760107 2.01560668 1.60587892
2008-01-01 5.95091093 2.969791585 6.27916882 6.32428633 1.46760107 2.01560668 1.60587892
2008-02-01 5.95091093 2.969791585 6.27916882 6.32428633 1.46760107 2.01560668 1.60587892
2008-03-01 5.95091093 2.969791585 6.27916882 6.32428633 1.46760107 2.01560668 1.60587892
2008-04-01 5.95091093 2.969791585 6.27916882 6.32428633 1.46760107 2.01560668 1.60587892
2008-05-01 5.95091093 2.969791585 6.27916882 6.32428633 1.46760107 2.01560668 1.60587892
2008-06-01 5.95091093 2.969791585 6.27916882 6.32428633 1.46760107 2.01560668 1.60587892
2008-07-01 5.95091093 2.969791585 6.27916882 6.32428633 1.46760107 2.01560668 1.60587892
2008-08-01 5.95091093 2.969791585 6.27916882 6.32428633 1.46760107 2.01560668 1.60587892
2008-09-01 5.95091093 2.969791585 6.27916882 6.32428633 1.46760107 2.01560668 1.60587892
2008-10-01 5.95091093 2.969791585 6.27916882 6.32428633 1.46760107 2.01560668 1.60587892
2008-11-01 5.95091093 2.969791585 6.27916882 6.32428633 1.46760107 2.01560668 1.60587892
2008-12-01 5.95091093 2.969791585 6.27916882 6.32428633 1.46760107 2.01560668 1.60587892
2009-01-01 5.95091093 2.969791585 6.27916882 6.32428633 1.46760107 2.01560668 1.60587892
2009-02-01 5.95091093 2.969791585 6.27916882 6.32428633 1.46760107 2.01560668 1.60587892
2009-03-01 5.95091093 2.969791585 6.27916882 6.32428633 1.46760107 2.01560668 1.60587892
2009-04-01 5.95091093 2.969791585 6.27916882 6.32428633 1.46760107 2.01560668 1.60587892
2009-05-01 5.95091093 2.969791585 6.27916882 6.32428633 1.46760107 2.01560668 1.62372903
2009-06-01 5.95091093 2.969791585 6.27916882 6.32428633 1.46760107 2.01560668 1.62372903
2009-07-01 5.95091093 2.969791585 6.27916882 6.32428633 1.46760107 2.01560668 1.62372903
2009-08-01 5.95091093 2.969791585 6.27916882 6.32428633 1.46760107 2.01560668 1.62372903
2009-09-01 5.95091093 2.969791585 6.27916882 6.32428633 1.46760107 2.01560668 1.62372903
